0.0001 0 500.0 1
0.0001 4.17E-03 -59.016 1
0.0001 8.33E-03 38.856 1
0.0001 1.25E-02 -6.4736 1
0.0001 1.67E-02 0.75741 1
0.0001 2.08E-02 -0.5008 1
0.0001 2.50E-02 -0.68556 1
0.0001 2.92E-02 0.24387 1
0.0001 3.33E-02 -0.1308 1
0.0001 3.75E-02 -0.0423 1
0.0001 4.17E-02 -0.10619 1
0.0001 4.58E-02 0.0562 1
0.0001 5.00E-02 0.0398 1
0.0001 5.42E-02 -0.0173 1
0.0001 5.83E-02 -0.0356 1
0.0001 6.25E-02 0.00796 1
0.0001 6.67E-02 0.0231 1
0.0001 7.08E-02 -0.000505 1
0.0001 7.50E-02 -0.0153 1
0.0001 7.92E-02 -0.00249 1
0.0001 8.33E-02 0.00974 1
0.0001 8.75E-02 0.00363 1
0.0001 9.17E-02 -0.006 1
0.0001 9.58E-02 -0.00378 1
0.0001 0.1 0.00359 1
0.0001 0.10417 0.00327 1
0.0001 0.10833 -0.00205 1
0.0001 0.1125 -0.00251 1
0.0001 0.11667 0.00111 1
0.0001 0.12083 0.00182 1
0.0001 0.125 -0.000553 1
0.0001 0.12917 -0.00128 1
0.0001 0.13333 0.000231 1
0.0001 0.1375 0.000877 1
0.0001 0.14167 -5.59e-05 1
0.0001 0.14583 -0.000588 1
0.0001 0.15 -3.15e-05 1
0.0001 0.15417 0.000386 1
0.0001 0.15833 6.76e-05 1
0.0001 0.1625 -0.00025 1
0.0001 0.16667 -7.48e-05 1
0.0001 0.17083 0.00016 1
0.0001 0.175 6.62e-05 1
0.0001 0.17917 -0.000104 1
0.0001 0.18333 -4.88e-05 1
0.0001 0.1875 7.04e-05 1
0.0001 0.19167 2.63e-05 1
0.0001 0.19583 -5.52e-05 1
0.0001 0.2 6.01e-19 1
0.001 0 500.0 1
0.001 4.17E-03 -59.016 1
0.001 8.33E-03 38.856 1
0.001 1.25E-02 -6.4736 1
0.001 1.67E-02 0.75741 1
0.001 2.08E-02 -0.5008 1
0.001 2.50E-02 -0.68556 1
0.001 2.92E-02 0.24387 1
0.001 3.33E-02 -0.1308 1
0.001 3.75E-02 -0.0423 1
0.001 4.17E-02 -0.10619 1
0.001 4.58E-02 0.0562 1
0.001 5.00E-02 0.0398 1
0.001 5.42E-02 -0.0173 1
0.001 5.83E-02 -0.0356 1
0.001 6.25E-02 0.00796 1
0.001 6.67E-02 0.0231 1
0.001 7.08E-02 -0.000505 1
0.001 7.50E-02 -0.0153 1
0.001 7.92E-02 -0.00249 1
0.001 8.33E-02 0.00974 1
0.001 8.75E-02 0.00363 1
0.001 9.17E-02 -0.006 1
0.001 9.58E-02 -0.00378 1
0.001 0.1 0.00359 1
0.001 0.10417 0.00327 1
0.001 0.10833 -0.00205 1
0.001 0.1125 -0.00251 1
0.001 0.11667 0.00111 1
0.001 0.12083 0.00182 1
0.001 0.125 -0.000553 1
0.001 0.12917 -0.00128 1
0.001 0.13333 0.000231 1
0.001 0.1375 0.000877 1
0.001 0.14167 -5.59e-05 1
0.001 0.14583 -0.000588 1
0.001 0.15 -3.15e-05 1
0.001 0.15417 0.000386 1
0.001 0.15833 6.76e-05 1
0.001 0.1625 -0.00025 1
0.001 0.16667 -7.48e-05 1
0.001 0.17083 0.00016 1
0.001 0.175 6.62e-05 1
0.001 0.17917 -0.000104 1
0.001 0.18333 -4.88e-05 1
0.001 0.1875 7.04e-05 1
0.001 0.19167 2.63e-05 1
0.001 0.19583 -5.52e-05 1
0.001 0.2 6.01e-19 1
0.01 0 500.0 1
0.01 4.17E-03 -36.987 1
0.01 8.33E-03 25.693 1
0.01 1.25E-02 -1.4741 1
0.01 1.67E-02 -0.51142 1
0.01 2.08E-02 0.13416 1
0.01 2.50E-02 -0.37801 1
0.01 2.92E-02 0.12334 1
0.01 3.33E-02 -0.0786 1
0.01 3.75E-02 -0.00495 1
0.01 4.17E-02 -0.014 1
0.01 4.58E-02 0.0113 1
0.01 5.00E-02 0.000193 1
0.01 5.42E-02 -0.00296 1
0.01 5.83E-02 -0.00123 1
0.01 6.25E-02 0.00139 1
0.01 6.67E-02 0.000493 1
0.01 7.08E-02 -0.000502 1
0.01 7.50E-02 -0.000244 1
0.01 7.92E-02 0.000199 1
0.01 8.33E-02 0.000108 1
0.01 8.75E-02 -7.55e-05 1
0.01 9.17E-02 -4.74e-05 1
0.01 9.58E-02 2.9e-05 1
0.01 0.1 2.03e-05 1
0.01 0.10417 -9.33e-06 1
0.01 0.10833 -8.58e-06 1
0.01 0.1125 2.26e-06 1
0.01 0.11667 3.59e-06 1
0.01 0.12083 -3.69e-07 1
0.01 0.125 -1.49e-06 1
0.01 0.12917 -4.95e-08 1
0.01 0.13333 6.12e-07 1
0.01 0.1375 9.24e-08 1
0.01 0.14167 -2.5e-07 1
0.01 0.14583 -6.38e-08 1
0.01 0.15 1.02e-07 1
0.01 0.15417 3.54e-08 1
0.01 0.15833 -4.11e-08 1
0.01 0.1625 -1.79e-08 1
0.01 0.16667 1.65e-08 1
0.01 0.17083 8.52e-09 1
0.01 0.175 -6.61e-09 1
0.01 0.17917 -3.96e-09 1
0.01 0.18333 2.61e-09 1
0.01 0.1875 1.88e-09 1
0.01 0.19167 -9.31e-10 1
0.01 0.19583 -1.1e-09 1
0.01 0.2 8.39e-24 1
0.1 0 500.0 1
0.1 4.17E-03 119.27 1
0.1 8.33E-03 -0.55518 1
0.1 1.25E-02 3.7991 1
0.1 1.67E-02 1.041 1
0.1 2.08E-02 -0.13224 1
0.1 2.50E-02 0.0612 1
0.1 2.92E-02 0.00525 1
0.1 3.33E-02 -0.021 1
0.1 3.75E-02 0.00359 1
0.1 4.17E-02 -0.00317 1
0.1 4.58E-02 0.00126 1
0.1 5.00E-02 -0.000186 1
0.1 5.42E-02 -0.000139 1
0.1 5.83E-02 3.93e-05 1
0.1 6.25E-02 2.23e-05 1
0.1 6.67E-02 1.31e-05 1
0.1 7.08E-02 -1.26e-05 1
0.1 7.50E-02 7.72e-07 1
0.1 7.92E-02 5.66e-07 1
0.1 8.33E-02 1.7e-07 1
0.1 8.75E-02 -1.99e-07 1
0.1 9.17E-02 -3.97e-08 1
0.1 9.58E-02 9.02e-08 1
0.1 0.1 6.06e-08 1
0.1 0.10417 -8.61e-08 1
0.1 0.10833 -5.52e-08 1
0.1 0.1125 4.66e-08 1
0.1 0.11667 3.23e-08 1
0.1 0.12083 -1.73e-08 1
0.1 0.125 -1.39e-08 1
0.1 0.12917 4.54e-09 1
0.1 0.13333 3.8e-09 1
0.1 0.1375 -7.64e-10 1
0.1 0.14167 1.42e-10 1
0.1 0.14583 6.6e-11 1
0.1 0.15 -1.04e-09 1
0.1 0.15417 -5.99e-11 1
0.1 0.15833 8.51e-10 1
0.1 0.1625 7.2e-11 1
0.1 0.16667 -4.81e-10 1
0.1 0.17083 -4.4e-11 1
0.1 0.175 2.08e-10 1
0.1 0.17917 7.92e-12 1
0.1 0.18333 -6.64e-11 1
0.1 0.1875 1.47e-11 1
0.1 0.19167 1.2e-11 1
0.1 0.19583 -2.43e-11 1
0.1 0.2 2.66e-25 1
0.2 0 500.0 1
0.2 4.17E-03 203.16 1
0.2 8.33E-03 48.397 1
0.2 1.25E-02 8.2713 1
0.2 1.67E-02 0.78362 1
0.2 2.08E-02 0.63252 1
0.2 2.50E-02 -0.0563 1
0.2 2.92E-02 0.0369 1
0.2 3.33E-02 0.00512 1
0.2 3.75E-02 -0.000131 1
0.2 4.17E-02 0.00108 1
0.2 4.58E-02 -8.38e-05 1
0.2 5.00E-02 2.63e-05 1
0.2 5.42E-02 -6.03e-06 1
0.2 5.83E-02 -2.61e-05 1
0.2 6.25E-02 1.24e-05 1
0.2 6.67E-02 5.91e-07 1
0.2 7.08E-02 -1.06e-06 1
0.2 7.50E-02 -9.01e-07 1
0.2 7.92E-02 4.3e-07 1
0.2 8.33E-02 2.72e-07 1
0.2 8.75E-02 -1.23e-07 1
0.2 9.17E-02 -6.37e-08 1
0.2 9.58E-02 2.09e-08 1
0.2 0.1 1.72e-08 1
0.2 0.10417 -3.94e-09 1
0.2 0.10833 -4.04e-09 1
0.2 0.1125 -8.13e-12 1
0.2 0.11667 7.75e-10 1
0.2 0.12083 1.38e-10 1
0.2 0.125 -1.64e-10 1
0.2 0.12917 -6.46e-11 1
0.2 0.13333 3.05e-11 1
0.2 0.1375 1.03e-11 1
0.2 0.14167 -1.77e-11 1
0.2 0.14583 -5.12e-12 1
0.2 0.15 7.25e-12 1
0.2 0.15417 9.71e-13 1
0.2 0.15833 -4.04e-12 1
0.2 0.1625 -1.08e-12 1
0.2 0.16667 9.15e-13 1
0.2 0.17083 1.26e-13 1
0.2 0.175 -2.05e-13 1
0.2 0.17917 -8.43e-14 1
0.2 0.18333 -1.92e-13 1
0.2 0.1875 -1.03e-13 1
0.2 0.19167 7.37e-14 1
0.2 0.19583 4.84e-14 1
0.2 0.2 -2.91e-28 1
0.5 0 500.0 1
0.5 4.17E-03 305.52 1
0.5 8.33E-03 159.58 1
0.5 1.25E-02 63.895 1
0.5 1.67E-02 19.427 1
0.5 2.08E-02 6.2497 1
0.5 2.50E-02 1.1471 1
0.5 2.92E-02 0.47983 1
0.5 3.33E-02 0.0622 1
0.5 3.75E-02 0.0328 1
0.5 4.17E-02 0.0035 1
0.5 4.58E-02 0.00212 1
0.5 5.00E-02 0.000201 1
0.5 5.42E-02 0.000131 1
0.5 5.83E-02 1.06e-05 1
0.5 6.25E-02 7.89e-06 1
0.5 6.67E-02 9.41e-07 1
0.5 7.08E-02 6.09e-07 1
0.5 7.50E-02 4.08e-08 1
0.5 7.92E-02 -4.15e-08 1
0.5 8.33E-02 -1.85e-09 1
0.5 8.75E-02 2.23e-08 1
0.5 9.17E-02 3.98e-09 1
0.5 9.58E-02 -6.39e-09 1
0.5 0.1 -1.7e-09 1
0.5 0.10417 1.55e-09 1
0.5 0.10833 5.17e-10 1
0.5 0.1125 -3.49e-10 1
0.5 0.11667 -1.8e-10 1
0.5 0.12083 5.24e-11 1
0.5 0.125 4.26e-11 1
0.5 0.12917 -1.23e-11 1
0.5 0.13333 -1.51e-11 1
0.5 0.1375 -6.02e-13 1
0.5 0.14167 2.58e-12 1
0.5 0.14583 -3.51e-13 1
0.5 0.15 -1.24e-12 1
0.5 0.15417 -3.69e-13 1
0.5 0.15833 7.04e-14 1
0.5 0.1625 -4.41e-14 1
0.5 0.16667 -1.21e-13 1
0.5 0.17083 -6.24e-14 1
0.5 0.175 -1.65e-14 1
0.5 0.17917 -1.45e-14 1
0.5 0.18333 -1.7e-14 1
0.5 0.1875 -1.09e-14 1
0.5 0.19167 -4.7e-15 1
0.5 0.19583 -1.63e-15 1
0.5 0.2 4.48e-30 1
1 0 500.0 1
1 4.17E-03 361.99 1
1 8.33E-03 241.47 1
1 1.25E-02 143.73 1
1 1.67E-02 78.025 1
1 2.08E-02 37.297 1
1 2.50E-02 15.165 1
1 2.92E-02 6.3548 1
1 3.33E-02 2.0244 1
1 3.75E-02 0.83228 1
1 4.17E-02 0.22124 1
1 4.58E-02 0.0925 1
1 5.00E-02 0.0216 1
1 5.42E-02 0.00917 1
1 5.83E-02 0.00199 1
1 6.25E-02 0.000833 1
1 6.67E-02 0.000174 1
1 7.08E-02 7.08e-05 1
1 7.50E-02 1.49e-05 1
1 7.92E-02 5.69e-06 1
1 8.33E-02 1.22e-06 1
1 8.75E-02 4.33e-07 1
1 9.17E-02 9.95e-08 1
1 9.58E-02 3.37e-08 1
1 0.1 7.59e-09 1
1 0.10417 1.51e-09 1
1 0.10833 4.84e-10 1
1 0.1125 2.07e-10 1
1 0.11667 5.93e-11 1
1 0.12083 -3.05e-11 1
1 0.125 -1.4e-11 1
1 0.12917 2.37e-12 1
1 0.13333 1.47e-12 1
1 0.1375 -2.44e-12 1
1 0.14167 -1.98e-12 1
1 0.14583 -4.49e-13 1
1 0.15 -8.2e-14 1
1 0.15417 -2.46e-13 1
1 0.15833 -2.39e-13 1
1 0.1625 -1.07e-13 1
1 0.16667 -4.43e-14 1
1 0.17083 -3.9e-14 1
1 0.175 -3.34e-14 1
1 0.17917 -1.92e-14 1
1 0.18333 -1.01e-14 1
1 0.1875 -6.64e-15 1
1 0.19167 -4.34e-15 1
1 0.19583 -1.92e-15 1
1 0.2 8.09e-30 1
2 0 500.0 1
2 4.17E-03 402.05 1
2 8.33E-03 310.32 1
2 1.25E-02 229.06 1
2 1.67E-02 162.21 1
2 2.08E-02 107.24 1
2 2.50E-02 67.04 1
2 2.92E-02 39.242 1
2 3.33E-02 21.124 1
2 3.75E-02 11.183 1
2 4.17E-02 5.2712 1
2 4.58E-02 2.5989 1
2 5.00E-02 1.0948 1
2 5.42E-02 0.51239 1
2 5.83E-02 0.1968 1
2 6.25E-02 0.0882 1
2 6.67E-02 0.0315 1
2 7.08E-02 0.0135 1
2 7.50E-02 0.0046 1
2 7.92E-02 0.00188 1
2 8.33E-02 0.000621 1
2 8.75E-02 0.000241 1
2 9.17E-02 7.84e-05 1
2 9.58E-02 2.88e-05 1
2 0.1 9.35e-06 1
2 0.10417 3.08e-06 1
2 0.10833 1.06e-06 1
2 0.1125 3e-07 1
2 0.11667 1.15e-07 1
2 0.12083 2.84e-08 1
2 0.125 1.18e-08 1
2 0.12917 2.65e-09 1
2 0.13333 1.19e-09 1
2 0.1375 2.46e-10 1
2 0.14167 1.07e-10 1
2 0.14583 2.08e-11 1
2 0.15 1.1e-11 1
2 0.15417 1.99e-12 1
2 0.15833 2.91e-13 1
2 0.1625 -1.31e-13 1
2 0.16667 5.29e-14 1
2 0.17083 -2.2e-14 1
2 0.175 -7.5e-14 1
2 0.17917 -4.64e-14 1
2 0.18333 -1.3e-14 1
2 0.1875 -8.71e-15 1
2 0.19167 -9.94e-15 1
2 0.19583 -5.32e-15 1
2 0.2 2.76e-29 1
5 0 500.0 1
5 4.17E-03 438.32 1
5 8.33E-03 378.2 1
5 1.25E-02 320.82 1
5 1.67E-02 267.62 1
5 2.08E-02 219.22 1
5 2.50E-02 176.57 1
5 2.92E-02 138.54 1
5 3.33E-02 106.35 1
5 3.75E-02 79.297 1
5 4.17E-02 57.412 1
5 4.58E-02 40.524 1
5 5.00E-02 27.594 1
5 5.42E-02 18.481 1
5 5.83E-02 11.887 1
5 6.25E-02 7.5874 1
5 6.67E-02 4.6324 1
5 7.08E-02 2.828 1
5 7.50E-02 1.6466 1
5 7.92E-02 0.96317 1
5 8.33E-02 0.53731 1
5 8.75E-02 0.30126 1
5 9.17E-02 0.1618 1
5 9.58E-02 0.0869 1
5 0.1 0.0452 1
5 0.10417 0.0231 1
5 0.10833 0.0117 1
5 0.1125 0.00569 1
5 0.11667 0.00285 1
5 0.12083 0.00131 1
5 0.125 0.000651 1
5 0.12917 0.000285 1
5 0.13333 0.00014 1
5 0.1375 5.85e-05 1
5 0.14167 2.83e-05 1
5 0.14583 1.14e-05 1
5 0.15 5.45e-06 1
5 0.15417 2.13e-06 1
5 0.15833 9.95e-07 1
5 0.1625 3.79e-07 1
5 0.16667 1.73e-07 1
5 0.17083 6.5e-08 1
5 0.175 2.88e-08 1
5 0.17917 1.07e-08 1
5 0.18333 4.6e-09 1
5 0.1875 1.7e-09 1
5 0.19167 6.9e-10 1
5 0.19583 2.23e-10 1
5 0.2 -4.95e-25 1
10 0 500.0 1
10 4.17E-03 456.46 1
10 8.33E-03 413.46 1
10 1.25E-02 371.45 1
10 1.67E-02 331.0 1
10 2.08E-02 292.4 1
10 2.50E-02 256.14 1
10 2.92E-02 222.38 1
10 3.33E-02 191.46 1
10 3.75E-02 162.77 1
10 4.17E-02 136.85 1
10 4.58E-02 113.58 1
10 5.00E-02 93.053 1
10 5.42E-02 75.188 1
10 5.83E-02 59.728 1
10 6.25E-02 46.863 1
10 6.67E-02 36.1 1
10 7.08E-02 27.513 1
10 7.50E-02 20.576 1
10 7.92E-02 15.246 1
10 8.33E-02 11.088 1
10 8.75E-02 7.9943 1
10 9.17E-02 5.6635 1
10 9.58E-02 3.976 1
10 0.1 2.7483 1
10 0.10417 1.8783 1
10 0.10833 1.2692 1
10 0.1125 0.8442 1
10 0.11667 0.55856 1
10 0.12083 0.36162 1
10 0.125 0.2345 1
10 0.12917 0.14781 1
10 0.13333 0.094 1
10 0.1375 0.0577 1
10 0.14167 0.036 1
10 0.14583 0.0216 1
10 0.15 0.0132 1
10 0.15417 0.00771 1
10 0.15833 0.00463 1
10 0.1625 0.00264 1
10 0.16667 0.00155 1
10 0.17083 0.000869 1
10 0.175 0.0005 1
10 0.17917 0.000274 1
10 0.18333 0.000154 1
10 0.1875 8.16e-05 1
10 0.19167 4.23e-05 1
10 0.19583 1.75e-05 1
10 0.2 -6.78e-20 1
20 0 500.0 1
20 4.17E-03 469.23 1
20 8.33E-03 438.65 1
20 1.25E-02 408.43 1
20 1.67E-02 378.77 1
20 2.08E-02 349.8 1
20 2.50E-02 321.71 1
20 2.92E-02 294.6 1
20 3.33E-02 268.64 1
20 3.75E-02 243.88 1
20 4.17E-02 220.46 1
20 4.58E-02 198.28 1
20 5.00E-02 177.46 1
20 5.42E-02 157.89 1
20 5.83E-02 139.61 1
20 6.25E-02 122.75 1
20 6.67E-02 107.21 1
20 7.08E-02 93.068 1
20 7.50E-02 80.095 1
20 7.92E-02 68.521 1
20 8.33E-02 58.058 1
20 8.75E-02 48.913 1
20 9.17E-02 40.806 1
20 9.58E-02 33.855 1
20 0.1 27.821 1
20 0.10417 22.729 1
20 0.10833 18.411 1
20 0.1125 14.816 1
20 0.11667 11.837 1
20 0.12083 9.3855 1
20 0.125 7.3987 1
20 0.12917 5.7828 1
20 0.13333 4.4997 1
20 0.1375 3.4678 1
20 0.14167 2.6641 1
20 0.14583 2.025 1
20 0.15 1.5361 1
20 0.15417 1.1518 1
20 0.15833 0.86253 1
20 0.1625 0.63785 1
20 0.16667 0.4711 1
20 0.17083 0.34301 1
20 0.175 0.24882 1
20 0.17917 0.1769 1
20 0.18333 0.12377 1
20 0.1875 0.0826 1
20 0.19167 0.0507 1
20 0.19583 0.024 1
20 0.2 -1.1e-16 1
50 0 500.0 1
50 4.17E-03 480.55 1
50 8.33E-03 461.14 1
50 1.25E-02 441.83 1
50 1.67E-02 422.66 1
50 2.08E-02 403.67 1
50 2.50E-02 384.91 1
50 2.92E-02 366.41 1
50 3.33E-02 348.23 1
50 3.75E-02 330.39 1
50 4.17E-02 312.95 1
50 4.58E-02 295.9 1
50 5.00E-02 279.32 1
50 5.42E-02 263.2 1
50 5.83E-02 247.58 1
50 6.25E-02 232.47 1
50 6.67E-02 217.9 1
50 7.08E-02 203.87 1
50 7.50E-02 190.35 1
50 7.92E-02 177.37 1
50 8.33E-02 164.82 1
50 8.75E-02 152.86 1
50 9.17E-02 141.35 1
50 9.58E-02 130.45 1
50 0.1 120.03 1
50 0.10417 110.22 1
50 0.10833 100.88 1
50 0.1125 92.142 1
50 0.11667 83.822 1
50 0.12083 76.058 1
50 0.125 68.743 1
50 0.12917 61.943 1
50 0.13333 55.597 1
50 0.1375 49.722 1
50 0.14167 44.286 1
50 0.14583 39.269 1
50 0.15 34.659 1
50 0.15417 30.412 1
50 0.15833 26.526 1
50 0.1625 22.945 1
50 0.16667 19.668 1
50 0.17083 16.635 1
50 0.175 13.845 1
50 0.17917 11.235 1
50 0.18333 8.8012 1
50 0.1875 6.485 1
50 0.19167 4.2759 1
50 0.19583 2.1197 1
50 0.2 -1.02e-14 1
100 0 500.0 1
100 4.17E-03 486.18 1
100 8.33E-03 472.38 1
100 1.25E-02 458.61 1
100 1.67E-02 444.89 1
100 2.08E-02 431.22 1
100 2.50E-02 417.64 1
100 2.92E-02 404.14 1
100 3.33E-02 390.76 1
100 3.75E-02 377.49 1
100 4.17E-02 364.35 1
100 4.58E-02 351.36 1
100 5.00E-02 338.53 1
100 5.42E-02 325.86 1
100 5.83E-02 313.38 1
100 6.25E-02 301.08 1
100 6.67E-02 288.98 1
100 7.08E-02 277.09 1
100 7.50E-02 265.42 1
100 7.92E-02 253.96 1
100 8.33E-02 242.73 1
100 8.75E-02 231.73 1
100 9.17E-02 220.96 1
100 9.58E-02 210.43 1
100 0.1 200.14 1
100 0.10417 190.08 1
100 0.10833 180.15 1
100 0.1125 170.47 1
100 0.11667 160.93 1
100 0.12083 151.62 1
100 0.125 142.46 1
100 0.12917 133.53 1
100 0.13333 124.76 1
100 0.1375 116.19 1
100 0.14167 107.79 1
100 0.14583 99.563 1
100 0.15 91.467 1
100 0.15417 83.49 1
100 0.15833 75.631 1
100 0.1625 67.85 1
100 0.16667 60.182 1
100 0.17083 52.554 1
100 0.175 45.025 1
100 0.17917 37.495 1
100 0.18333 30.044 1
100 0.1875 22.541 1
100 0.19167 15.092 1
100 0.19583 7.534 1
100 0.2 -3.66e-14 1
150 0 500.0 1
150 4.17E-03 488.34 1
150 8.33E-03 476.69 1
150 1.25E-02 465.05 1
150 1.67E-02 453.43 1
150 2.08E-02 441.84 1
150 2.50E-02 430.27 1
150 2.92E-02 418.75 1
150 3.33E-02 407.27 1
150 3.75E-02 395.84 1
150 4.17E-02 384.47 1
150 4.58E-02 373.15 1
150 5.00E-02 361.9 1
150 5.42E-02 350.73 1
150 5.83E-02 339.62 1
150 6.25E-02 328.6 1
150 6.67E-02 317.66 1
150 7.08E-02 306.81 1
150 7.50E-02 296.04 1
150 7.92E-02 285.37 1
150 8.33E-02 274.79 1
150 8.75E-02 264.31 1
150 9.17E-02 253.93 1
150 9.58E-02 243.65 1
150 0.1 233.47 1
150 0.10417 223.39 1
150 0.10833 213.41 1
150 0.1125 203.53 1
150 0.11667 193.71 1
150 0.12083 183.98 1
150 0.125 174.26 1
150 0.12917 164.61 1
150 0.13333 154.98 1
150 0.1375 145.41 1
150 0.14167 135.85 1
150 0.14583 126.35 1
150 0.15 116.86 1
150 0.15417 107.41 1
150 0.15833 97.953 1
150 0.1625 88.478 1
150 0.16667 78.984 1
150 0.17083 69.39 1
150 0.175 59.786 1
150 0.17917 50.037 1
150 0.18333 40.284 1
150 0.1875 30.336 1
150 0.19167 20.39 1
150 0.19583 10.19 1
150 0.2 -4.96e-14 1
180 0 500.0 1
180 4.17E-03 488.97 1
180 8.33E-03 477.95 1
180 1.25E-02 466.94 1
180 1.67E-02 455.93 1
180 2.08E-02 444.94 1
180 2.50E-02 433.98 1
180 2.92E-02 423.03 1
180 3.33E-02 412.11 1
180 3.75E-02 401.22 1
180 4.17E-02 390.36 1
180 4.58E-02 379.54 1
180 5.00E-02 368.75 1
180 5.42E-02 358.01 1
180 5.83E-02 347.31 1
180 6.25E-02 336.66 1
180 6.67E-02 326.06 1
180 7.08E-02 315.51 1
180 7.50E-02 305.01 1
180 7.92E-02 294.57 1
180 8.33E-02 284.19 1
180 8.75E-02 273.86 1
180 9.17E-02 263.59 1
180 9.58E-02 253.37 1
180 0.1 243.22 1
180 0.10417 233.13 1
180 0.10833 223.09 1
180 0.1125 213.12 1
180 0.11667 203.2 1
180 0.12083 193.35 1
180 0.125 183.46 1
180 0.12917 173.6 1
180 0.13333 163.72 1
180 0.1375 153.86 1
180 0.14167 143.98 1
180 0.14583 134.1 1
180 0.15 124.2 1
180 0.15417 114.3 1
180 0.15833 104.38 1
180 0.1625 94.422 1
180 0.16667 84.41 1
180 0.17083 74.255 1
180 0.175 64.058 1
180 0.17917 53.673 1
180 0.18333 43.259 1
180 0.1875 32.604 1
180 0.19167 21.936 1
180 0.19583 10.965 1
180 0.2 -5.33e-14 1
240 0 500.0 1
240 4.17E-03 489.57 1
240 8.33E-03 479.14 1
240 1.25E-02 468.71 1
240 1.67E-02 458.29 1
240 2.08E-02 447.87 1
240 2.50E-02 437.46 1
240 2.92E-02 427.06 1
240 3.33E-02 416.66 1
240 3.75E-02 406.28 1
240 4.17E-02 395.9 1
240 4.58E-02 385.54 1
240 5.00E-02 375.2 1
240 5.42E-02 364.87 1
240 5.83E-02 354.55 1
240 6.25E-02 344.25 1
240 6.67E-02 333.97 1
240 7.08E-02 323.7 1
240 7.50E-02 313.46 1
240 7.92E-02 303.23 1
240 8.33E-02 293.02 1
240 8.75E-02 282.83 1
240 9.17E-02 272.67 1
240 9.58E-02 262.52 1
240 0.1 252.39 1
240 0.10417 242.29 1
240 0.10833 232.2 1
240 0.1125 222.14 1
240 0.11667 212.09 1
240 0.12083 202.07 1
240 0.125 192.02 1
240 0.12917 181.97 1
240 0.13333 171.86 1
240 0.1375 161.73 1
240 0.14167 151.54 1
240 0.14583 141.32 1
240 0.15 131.04 1
240 0.15417 120.72 1
240 0.15833 110.36 1
240 0.1625 99.936 1
240 0.16667 89.43 1
240 0.17083 78.76 1
240 0.175 68.017 1
240 0.17917 57.045 1
240 0.18333 46.021 1
240 0.1875 34.712 1
240 0.19167 23.374 1
240 0.19583 11.686 1
240 0.2 -5.69e-14 1
