0.0001 0 1000.0 1
0.0001 4.17E-03 -118.03 1
0.0001 8.33E-03 77.712 1
0.0001 1.25E-02 -12.947 1
0.0001 1.67E-02 1.5148 1
0.0001 2.08E-02 -1.0016 1
0.0001 2.50E-02 -1.3711 1
0.0001 2.92E-02 0.48774 1
0.0001 3.33E-02 -0.26159 1
0.0001 3.75E-02 -0.0845 1
0.0001 4.17E-02 -0.21238 1
0.0001 4.58E-02 0.11237 1
0.0001 5.00E-02 0.0796 1
0.0001 5.42E-02 -0.0346 1
0.0001 5.83E-02 -0.0712 1
0.0001 6.25E-02 0.0159 1
0.0001 6.67E-02 0.0463 1
0.0001 7.08E-02 -0.00101 1
0.0001 7.50E-02 -0.0306 1
0.0001 7.92E-02 -0.00497 1
0.0001 8.33E-02 0.0195 1
0.0001 8.75E-02 0.00727 1
0.0001 9.17E-02 -0.012 1
0.0001 9.58E-02 -0.00756 1
0.0001 0.1 0.00717 1
0.0001 0.10417 0.00654 1
0.0001 0.10833 -0.00411 1
0.0001 0.1125 -0.00502 1
0.0001 0.11667 0.00223 1
0.0001 0.12083 0.00365 1
0.0001 0.125 -0.00111 1
0.0001 0.12917 -0.00256 1
0.0001 0.13333 0.000462 1
0.0001 0.1375 0.00175 1
0.0001 0.14167 -0.000112 1
0.0001 0.14583 -0.00118 1
0.0001 0.15 -6.3e-05 1
0.0001 0.15417 0.000773 1
0.0001 0.15833 0.000135 1
0.0001 0.1625 -0.0005 1
0.0001 0.16667 -0.00015 1
0.0001 0.17083 0.000321 1
0.0001 0.175 0.000132 1
0.0001 0.17917 -0.000207 1
0.0001 0.18333 -9.76e-05 1
0.0001 0.1875 0.000141 1
0.0001 0.19167 5.26e-05 1
0.0001 0.19583 -0.00011 1
0.0001 0.2 1.2e-18 1
0.001 0 1000.0 1
0.001 4.17E-03 -118.03 1
0.001 8.33E-03 77.712 1
0.001 1.25E-02 -12.947 1
0.001 1.67E-02 1.5148 1
0.001 2.08E-02 -1.0016 1
0.001 2.50E-02 -1.3711 1
0.001 2.92E-02 0.48774 1
0.001 3.33E-02 -0.26159 1
0.001 3.75E-02 -0.0845 1
0.001 4.17E-02 -0.21238 1
0.001 4.58E-02 0.11237 1
0.001 5.00E-02 0.0796 1
0.001 5.42E-02 -0.0346 1
0.001 5.83E-02 -0.0712 1
0.001 6.25E-02 0.0159 1
0.001 6.67E-02 0.0463 1
0.001 7.08E-02 -0.00101 1
0.001 7.50E-02 -0.0306 1
0.001 7.92E-02 -0.00497 1
0.001 8.33E-02 0.0195 1
0.001 8.75E-02 0.00727 1
0.001 9.17E-02 -0.012 1
0.001 9.58E-02 -0.00756 1
0.001 0.1 0.00717 1
0.001 0.10417 0.00654 1
0.001 0.10833 -0.00411 1
0.001 0.1125 -0.00502 1
0.001 0.11667 0.00223 1
0.001 0.12083 0.00365 1
0.001 0.125 -0.00111 1
0.001 0.12917 -0.00256 1
0.001 0.13333 0.000462 1
0.001 0.1375 0.00175 1
0.001 0.14167 -0.000112 1
0.001 0.14583 -0.00118 1
0.001 0.15 -6.3e-05 1
0.001 0.15417 0.000773 1
0.001 0.15833 0.000135 1
0.001 0.1625 -0.0005 1
0.001 0.16667 -0.00015 1
0.001 0.17083 0.000321 1
0.001 0.175 0.000132 1
0.001 0.17917 -0.000207 1
0.001 0.18333 -9.76e-05 1
0.001 0.1875 0.000141 1
0.001 0.19167 5.26e-05 1
0.001 0.19583 -0.00011 1
0.001 0.2 1.2e-18 1
0.01 0 1000.0 1
0.01 4.17E-03 -101.54 1
0.01 8.33E-03 77.063 1
0.01 1.25E-02 -11.365 1
0.01 1.67E-02 1.6965 1
0.01 2.08E-02 -0.85577 1
0.01 2.50E-02 -1.288 1
0.01 2.92E-02 0.47742 1
0.01 3.33E-02 -0.24793 1
0.01 3.75E-02 -0.0798 1
0.01 4.17E-02 -0.20299 1
0.01 4.58E-02 0.10764 1
0.01 5.00E-02 0.0762 1
0.01 5.42E-02 -0.0331 1
0.01 5.83E-02 -0.0681 1
0.01 6.25E-02 0.0152 1
0.01 6.67E-02 0.0443 1
0.01 7.08E-02 -0.000966 1
0.01 7.50E-02 -0.0293 1
0.01 7.92E-02 -0.00476 1
0.01 8.33E-02 0.0186 1
0.01 8.75E-02 0.00696 1
0.01 9.17E-02 -0.0115 1
0.01 9.58E-02 -0.00724 1
0.01 0.1 0.00687 1
0.01 0.10417 0.00626 1
0.01 0.10833 -0.00393 1
0.01 0.1125 -0.0048 1
0.01 0.11667 0.00213 1
0.01 0.12083 0.00349 1
0.01 0.125 -0.00106 1
0.01 0.12917 -0.00245 1
0.01 0.13333 0.000442 1
0.01 0.1375 0.00168 1
0.01 0.14167 -0.000107 1
0.01 0.14583 -0.00112 1
0.01 0.15 -6.02e-05 1
0.01 0.15417 0.00074 1
0.01 0.15833 0.000129 1
0.01 0.1625 -0.000479 1
0.01 0.16667 -0.000143 1
0.01 0.17083 0.000307 1
0.01 0.175 0.000127 1
0.01 0.17917 -0.000198 1
0.01 0.18333 -9.34e-05 1
0.01 0.1875 0.000135 1
0.01 0.19167 5.04e-05 1
0.01 0.19583 -0.000106 1
0.01 0.2 1.15e-18 1
0.1 0 1000.0 1
0.1 4.17E-03 63.336 1
0.1 8.33E-03 70.578 1
0.1 1.25E-02 4.4563 1
0.1 1.67E-02 3.513 1
0.1 2.08E-02 0.60262 1
0.1 2.50E-02 -0.45705 1
0.1 2.92E-02 0.37422 1
0.1 3.33E-02 -0.1113 1
0.1 3.75E-02 -0.0324 1
0.1 4.17E-02 -0.10906 1
0.1 4.58E-02 0.0604 1
0.1 5.00E-02 0.0422 1
0.1 5.42E-02 -0.0181 1
0.1 5.83E-02 -0.0374 1
0.1 6.25E-02 0.00839 1
0.1 6.67E-02 0.0243 1
0.1 7.08E-02 -0.00053 1
0.1 7.50E-02 -0.0161 1
0.1 7.92E-02 -0.00262 1
0.1 8.33E-02 0.0103 1
0.1 8.75E-02 0.00383 1
0.1 9.17E-02 -0.00632 1
0.1 9.58E-02 -0.00398 1
0.1 0.1 0.00378 1
0.1 0.10417 0.00344 1
0.1 0.10833 -0.00216 1
0.1 0.1125 -0.00264 1
0.1 0.11667 0.00117 1
0.1 0.12083 0.00192 1
0.1 0.125 -0.000582 1
0.1 0.12917 -0.00135 1
0.1 0.13333 0.000243 1
0.1 0.1375 0.000924 1
0.1 0.14167 -5.88e-05 1
0.1 0.14583 -0.000619 1
0.1 0.15 -3.31e-05 1
0.1 0.15417 0.000407 1
0.1 0.15833 7.12e-05 1
0.1 0.1625 -0.000263 1
0.1 0.16667 -7.88e-05 1
0.1 0.17083 0.000169 1
0.1 0.175 6.96e-05 1
0.1 0.17917 -0.000109 1
0.1 0.18333 -5.14e-05 1
0.1 0.1875 7.41e-05 1
0.1 0.19167 2.77e-05 1
0.1 0.19583 -5.81e-05 1
0.1 0.2 6.32e-19 1
0.2 0 1000.0 1
0.2 4.17E-03 246.54 1
0.2 8.33E-03 63.372 1
0.2 1.25E-02 22.036 1
0.2 1.67E-02 5.5314 1
0.2 2.08E-02 2.2231 1
0.2 2.50E-02 0.46626 1
0.2 2.92E-02 0.25955 1
0.2 3.33E-02 0.0405 1
0.2 3.75E-02 0.0202 1
0.2 4.17E-02 -0.00469 1
0.2 4.58E-02 0.00787 1
0.2 5.00E-02 0.00436 1
0.2 5.42E-02 -0.00139 1
0.2 5.83E-02 -0.00334 1
0.2 6.25E-02 0.000785 1
0.2 6.67E-02 0.00222 1
0.2 7.08E-02 -4.5e-05 1
0.2 7.50E-02 -0.00146 1
0.2 7.92E-02 -0.000238 1
0.2 8.33E-02 0.000931 1
0.2 8.75E-02 0.000348 1
0.2 9.17E-02 -0.000574 1
0.2 9.58E-02 -0.000362 1
0.2 0.1 0.000343 1
0.2 0.10417 0.000313 1
0.2 0.10833 -0.000196 1
0.2 0.1125 -0.00024 1
0.2 0.11667 0.000107 1
0.2 0.12083 0.000174 1
0.2 0.125 -5.29e-05 1
0.2 0.12917 -0.000123 1
0.2 0.13333 2.21e-05 1
0.2 0.1375 8.39e-05 1
0.2 0.14167 -5.34e-06 1
0.2 0.14583 -5.62e-05 1
0.2 0.15 -3.01e-06 1
0.2 0.15417 3.69e-05 1
0.2 0.15833 6.46e-06 1
0.2 0.1625 -2.39e-05 1
0.2 0.16667 -7.15e-06 1
0.2 0.17083 1.53e-05 1
0.2 0.175 6.33e-06 1
0.2 0.17917 -9.9e-06 1
0.2 0.18333 -4.67e-06 1
0.2 0.1875 6.73e-06 1
0.2 0.19167 2.52e-06 1
0.2 0.19583 -5.27e-06 1
0.2 0.2 5.74e-20 1
0.3 0 1000.0 1
0.3 4.17E-03 412.01 1
0.3 8.33E-03 126.93 1
0.3 1.25E-02 40.185 1
0.3 1.67E-02 10.16 1
0.3 2.08E-02 4.0717 1
0.3 2.50E-02 0.91891 1
0.3 2.92E-02 0.41756 1
0.3 3.33E-02 0.0909 1
0.3 3.75E-02 0.0429 1
0.3 4.17E-02 0.00936 1
0.3 4.58E-02 0.00448 1
0.3 5.00E-02 0.000983 1
0.3 5.42E-02 0.000412 1
0.3 5.83E-02 9.65e-05 1
0.3 6.25E-02 6.22e-05 1
0.3 6.67E-02 1.59e-05 1
0.3 7.08E-02 -1.53e-06 1
0.3 7.50E-02 -1.28e-06 1
0.3 7.92E-02 2.63e-06 1
0.3 8.33E-02 1.24e-06 1
0.3 8.75E-02 -6.46e-07 1
0.3 9.17E-02 -4.74e-07 1
0.3 9.58E-02 1.84e-07 1
0.3 0.1 2.11e-07 1
0.3 0.10417 -6.19e-09 1
0.3 0.10833 -9.2e-08 1
0.3 0.1125 -3.54e-08 1
0.3 0.11667 4.05e-08 1
0.3 0.12083 3.46e-08 1
0.3 0.125 -1.76e-08 1
0.3 0.12917 -2.62e-08 1
0.3 0.13333 6.87e-09 1
0.3 0.1375 1.82e-08 1
0.3 0.14167 -1.88e-09 1
0.3 0.14583 -1.22e-08 1
0.3 0.15 -4.07e-10 1
0.3 0.15417 8.03e-09 1
0.3 0.15833 1.31e-09 1
0.3 0.1625 -5.18e-09 1
0.3 0.16667 -1.52e-09 1
0.3 0.17083 3.32e-09 1
0.3 0.175 1.35e-09 1
0.3 0.17917 -2.14e-09 1
0.3 0.18333 -1e-09 1
0.3 0.1875 1.45e-09 1
0.3 0.19167 5.42e-10 1
0.3 0.19583 -1.14e-09 1
0.3 0.2 1.24e-23 1
0.5 0 1000.0 1
0.5 4.17E-03 577.79 1
0.5 8.33E-03 277.92 1
0.5 1.25E-02 106.55 1
0.5 1.67E-02 32.523 1
0.5 2.08E-02 11.612 1
0.5 2.50E-02 2.73 1
0.5 2.92E-02 1.1767 1
0.5 3.33E-02 0.25842 1
0.5 3.75E-02 0.12006 1
0.5 4.17E-02 0.0262 1
0.5 4.58E-02 0.0121 1
0.5 5.00E-02 0.00274 1
0.5 5.42E-02 0.00125 1
0.5 5.83E-02 0.00029 1
0.5 6.25E-02 0.000122 1
0.5 6.67E-02 3.06e-05 1
0.5 7.08E-02 1.4e-05 1
0.5 7.50E-02 3.38e-06 1
0.5 7.92E-02 9.33e-07 1
0.5 8.33E-02 2.95e-07 1
0.5 8.75E-02 2.31e-07 1
0.5 9.17E-02 5.58e-08 1
0.5 9.58E-02 -1.59e-08 1
0.5 0.1 -3.34e-09 1
0.5 0.10417 8.07e-09 1
0.5 0.10833 2.5e-09 1
0.5 0.1125 -1.49e-09 1
0.5 0.11667 -6.89e-10 1
0.5 0.12083 2.79e-10 1
0.5 0.125 1.79e-10 1
0.5 0.12917 -6.69e-11 1
0.5 0.13333 -6.34e-11 1
0.5 0.1375 2.33e-12 1
0.5 0.14167 1.11e-11 1
0.5 0.14583 -2.9e-12 1
0.5 0.15 -5.38e-12 1
0.5 0.15417 -1.18e-12 1
0.5 0.15833 3.23e-13 1
0.5 0.1625 -3.07e-13 1
0.5 0.16667 -5.33e-13 1
0.5 0.17083 -2.42e-13 1
0.5 0.175 -6.68e-14 1
0.5 0.17917 -7.32e-14 1
0.5 0.18333 -8.23e-14 1
0.5 0.1875 -5.17e-14 1
0.5 0.19167 -2.31e-14 1
0.5 0.19583 -9.16e-15 1
0.5 0.2 3.3e-29 1
1 0 1000.0 1
1 4.17E-03 713.61 1
1 8.33E-03 465.32 1
1 1.25E-02 274.75 1
1 1.67E-02 148.67 1
1 2.08E-02 70.384 1
1 2.50E-02 28.121 1
1 2.92E-02 11.565 1
1 3.33E-02 3.5437 1
1 3.75E-02 1.4717 1
1 4.17E-02 0.39028 1
1 4.58E-02 0.16771 1
1 5.00E-02 0.0416 1
1 5.42E-02 0.0181 1
1 5.83E-02 0.00442 1
1 6.25E-02 0.00189 1
1 6.67E-02 0.00047 1
1 7.08E-02 0.000194 1
1 7.50E-02 5.01e-05 1
1 7.92E-02 1.97e-05 1
1 8.33E-02 5.34e-06 1
1 8.75E-02 1.97e-06 1
1 9.17E-02 5.6e-07 1
1 9.58E-02 2.04e-07 1
1 0.1 6.12e-08 1
1 0.10417 1.74e-08 1
1 0.10833 5.55e-09 1
1 0.1125 1.82e-09 1
1 0.11667 7.68e-10 1
1 0.12083 9.56e-11 1
1 0.125 1.74e-12 1
1 0.12917 3.31e-12 1
1 0.13333 9.36e-12 1
1 0.1375 -2.78e-12 1
1 0.14167 -5.24e-12 1
1 0.14583 -2.52e-12 1
1 0.15 -8.19e-13 1
1 0.15417 -7.03e-13 1
1 0.15833 -6.5e-13 1
1 0.1625 -4.04e-13 1
1 0.16667 -2.33e-13 1
1 0.17083 -1.47e-13 1
1 0.175 -9.75e-14 1
1 0.17917 -6.5e-14 1
1 0.18333 -4.4e-14 1
1 0.1875 -2.62e-14 1
1 0.19167 -1.35e-14 1
1 0.19583 -5.79e-15 1
1 0.2 2.35e-29 1
2 0 1000.0 1
2 4.17E-03 800.35 1
2 8.33E-03 614.02 1
2 1.25E-02 449.78 1
2 1.67E-02 315.26 1
2 2.08E-02 209.74 1
2 2.50E-02 133.07 1
2 2.92E-02 78.733 1
2 3.33E-02 42.853 1
2 3.75E-02 22.714 1
2 4.17E-02 10.665 1
2 4.58E-02 5.2429 1
2 5.00E-02 2.1949 1
2 5.42E-02 1.0269 1
2 5.83E-02 0.39396 1
2 6.25E-02 0.17716 1
2 6.67E-02 0.0638 1
2 7.08E-02 0.0276 1
2 7.50E-02 0.00954 1
2 7.92E-02 0.00396 1
2 8.33E-02 0.00134 1
2 8.75E-02 0.00053 1
2 9.17E-02 0.000178 1
2 9.58E-02 6.71e-05 1
2 0.1 2.27e-05 1
2 0.10417 7.79e-06 1
2 0.10833 2.79e-06 1
2 0.1125 8.46e-07 1
2 0.11667 3.31e-07 1
2 0.12083 9.09e-08 1
2 0.125 3.82e-08 1
2 0.12917 9.77e-09 1
2 0.13333 4.29e-09 1
2 0.1375 1.04e-09 1
2 0.14167 4.69e-10 1
2 0.14583 1.11e-10 1
2 0.15 4.84e-11 1
2 0.15417 1.06e-11 1
2 0.15833 4.36e-12 1
2 0.1625 6.77e-13 1
2 0.16667 9.39e-14 1
2 0.17083 -1.65e-13 1
2 0.175 -1.34e-13 1
2 0.17917 -1.05e-13 1
2 0.18333 -7.33e-14 1
2 0.1875 -4.77e-14 1
2 0.19167 -2.75e-14 1
2 0.19583 -1.24e-14 1
2 0.2 5.34e-29 1
5 0 1000.0 1
5 4.17E-03 874.42 1
5 8.33E-03 752.18 1
5 1.25E-02 635.8 1
5 1.67E-02 528.36 1
5 2.08E-02 431.05 1
5 2.50E-02 345.58 1
5 2.92E-02 272.09 1
5 3.33E-02 210.51 1
5 3.75E-02 159.03 1
5 4.17E-02 117.3 1
5 4.58E-02 84.319 1
5 5.00E-02 58.567 1
5 5.42E-02 39.966 1
5 5.83E-02 26.207 1
5 6.25E-02 17.068 1
5 6.67E-02 10.666 1
5 7.08E-02 6.6746 1
5 7.50E-02 4.0078 1
5 7.92E-02 2.4204 1
5 8.33E-02 1.4056 1
5 8.75E-02 0.82117 1
5 9.17E-02 0.46383 1
5 9.58E-02 0.2624 1
5 0.1 0.1449 1
5 0.10417 0.0792 1
5 0.10833 0.0431 1
5 0.1125 0.0227 1
5 0.11667 0.0122 1
5 0.12083 0.00623 1
5 0.125 0.00334 1
5 0.12917 0.00165 1
5 0.13333 0.000875 1
5 0.1375 0.000421 1
5 0.14167 0.000222 1
5 0.14583 0.000104 1
5 0.15 5.44e-05 1
5 0.15417 2.52e-05 1
5 0.15833 1.3e-05 1
5 0.1625 5.93e-06 1
5 0.16667 3.01e-06 1
5 0.17083 1.36e-06 1
5 0.175 6.79e-07 1
5 0.17917 3.07e-07 1
5 0.18333 1.5e-07 1
5 0.1875 6.72e-08 1
5 0.19167 3.1e-08 1
5 0.19583 1.16e-08 1
5 0.2 -3.72e-23 1
10 0 1000.0 1
10 4.17E-03 911.39 1
10 8.33E-03 823.96 1
10 1.25E-02 738.63 1
10 1.67E-02 656.65 1
10 2.08E-02 578.58 1
10 2.50E-02 505.47 1
10 2.92E-02 437.6 1
10 3.33E-02 375.56 1
10 3.75E-02 319.42 1
10 4.17E-02 269.26 1
10 4.58E-02 224.85 1
10 5.00E-02 185.98 1
10 5.42E-02 152.04 1
10 5.83E-02 122.59 1
10 6.25E-02 97.713 1
10 6.67E-02 76.52 1
10 7.08E-02 59.332 1
10 7.50E-02 45.114 1
10 7.92E-02 34.041 1
10 8.33E-02 25.217 1
10 8.75E-02 18.561 1
10 9.17E-02 13.442 1
10 9.58E-02 9.6731 1
10 0.1 6.869 1
10 0.10417 4.839 1
10 0.10833 3.379 1
10 0.1125 2.3331 1
10 0.11667 1.6054 1
10 0.12083 1.0879 1
10 0.125 0.7386 1
10 0.12917 0.4918 1
10 0.13333 0.32977 1
10 0.1375 0.21603 1
10 0.14167 0.14316 1
10 0.14583 0.0924 1
10 0.15 0.0605 1
10 0.15417 0.0385 1
10 0.15833 0.025 1
10 0.1625 0.0157 1
10 0.16667 0.0101 1
10 0.17083 0.00625 1
10 0.175 0.00395 1
10 0.17917 0.00243 1
10 0.18333 0.0015 1
10 0.1875 0.000889 1
10 0.19167 0.000501 1
10 0.19583 0.000222 1
10 0.2 -9.43e-19 1
15 0 1000.0 1
15 4.17E-03 927.66 1
15 8.33E-03 855.96 1
15 1.25E-02 785.41 1
15 1.67E-02 716.73 1
15 2.08E-02 650.24 1
15 2.50E-02 586.61 1
15 2.92E-02 526.05 1
15 3.33E-02 469.05 1
15 3.75E-02 415.7 1
15 4.17E-02 366.28 1
15 4.58E-02 320.81 1
15 5.00E-02 279.33 1
15 5.42E-02 241.78 1
15 5.83E-02 208.04 1
15 6.25E-02 177.71 1
15 6.67E-02 150.4 1
15 7.08E-02 126.41 1
15 7.50E-02 105.16 1
15 7.92E-02 86.894 1
15 8.33E-02 70.841 1
15 8.75E-02 57.418 1
15 9.17E-02 45.935 1
15 9.58E-02 36.553 1
15 0.1 28.751 1
15 0.10417 22.485 1
15 0.10833 17.425 1
15 0.1125 13.411 1
15 0.11667 10.257 1
15 0.12083 7.7791 1
15 0.125 5.8782 1
15 0.12917 4.3986 1
15 0.13333 3.287 1
15 0.1375 2.4291 1
15 0.14167 1.7963 1
15 0.14583 1.3122 1
15 0.15 0.96077 1
15 0.15417 0.69426 1
15 0.15833 0.50337 1
15 0.1625 0.35996 1
15 0.16667 0.25829 1
15 0.17083 0.18261 1
15 0.175 0.12923 1
15 0.17917 0.0897 1
15 0.18333 0.0615 1
15 0.1875 0.0404 1
15 0.19167 0.0245 1
15 0.19583 0.0115 1
15 0.2 -5.21e-17 1
20 0 1000.0 1
20 4.17E-03 937.41 1
20 8.33E-03 875.24 1
20 1.25E-02 813.82 1
20 1.67E-02 753.61 1
20 2.08E-02 694.86 1
20 2.50E-02 638.0 1
20 2.92E-02 583.2 1
20 3.33E-02 530.83 1
20 3.75E-02 480.99 1
20 4.17E-02 433.95 1
20 4.58E-02 389.74 1
20 5.00E-02 348.49 1
20 5.42E-02 310.23 1
20 5.83E-02 274.93 1
20 6.25E-02 242.58 1
20 6.67E-02 213.09 1
20 7.08E-02 186.22 1
20 7.50E-02 161.6 1
20 7.92E-02 139.54 1
20 8.33E-02 119.56 1
20 8.75E-02 101.95 1
20 9.17E-02 86.092 1
20 9.58E-02 72.382 1
20 0.1 60.212 1
20 0.10417 49.871 1
20 0.10833 40.928 1
20 0.1125 33.421 1
20 0.11667 27.096 1
20 0.12083 21.838 1
20 0.125 17.508 1
20 0.12917 13.942 1
20 0.13333 11.062 1
20 0.1375 8.7114 1
20 0.14167 6.845 1
20 0.14583 5.3352 1
20 0.15 4.1532 1
20 0.15417 3.2052 1
20 0.15833 2.4717 1
20 0.1625 1.888 1
20 0.16667 1.4402 1
20 0.17083 1.0859 1
20 0.175 0.81454 1
20 0.17917 0.59945 1
20 0.18333 0.43248 1
20 0.1875 0.29695 1
20 0.19167 0.18612 1
20 0.19583 0.0893 1
20 0.2 -4.16e-16 1
30 0 1000.0 1
30 4.17E-03 949.26 1
30 8.33E-03 898.74 1
30 1.25E-02 848.61 1
30 1.67E-02 799.13 1
30 2.08E-02 750.42 1
30 2.50E-02 702.74 1
30 2.92E-02 656.18 1
30 3.33E-02 610.99 1
30 3.75E-02 567.21 1
30 4.17E-02 525.06 1
30 4.58E-02 484.58 1
30 5.00E-02 445.9 1
30 5.42E-02 409.07 1
30 5.83E-02 374.15 1
30 6.25E-02 341.17 1
30 6.67E-02 310.14 1
30 7.08E-02 281.09 1
30 7.50E-02 253.96 1
30 7.92E-02 228.77 1
30 8.33E-02 205.45 1
30 8.75E-02 183.91 1
30 9.17E-02 163.73 1
30 9.58E-02 145.31 1
30 0.1 128.22 1
30 0.10417 112.79 1
30 0.10833 98.605 1
30 0.1125 85.912 1
30 0.11667 74.321 1
30 0.12083 64.025 1
30 0.125 54.812 1
30 0.12917 46.697 1
30 0.13333 39.572 1
30 0.1375 33.353 1
30 0.14167 27.984 1
30 0.14583 23.339 1
30 0.15 19.388 1
30 0.15417 15.997 1
30 0.15833 13.145 1
30 0.1625 10.714 1
30 0.16667 8.6836 1
30 0.17083 6.9564 1
30 0.175 5.5122 1
30 0.17917 4.2752 1
30 0.18333 3.224 1
30 0.1875 2.3007 1
30 0.19167 1.4823 1
30 0.19583 0.7242 1
30 0.2 -3.44e-15 1
40 0 1000.0 1
40 4.17E-03 956.18 1
40 8.33E-03 912.49 1
40 1.25E-02 869.06 1
40 1.67E-02 826.05 1
40 2.08E-02 783.53 1
40 2.50E-02 741.68 1
40 2.92E-02 700.57 1
40 3.33E-02 660.35 1
40 3.75E-02 621.08 1
40 4.17E-02 582.89 1
40 4.58E-02 545.83 1
40 5.00E-02 510.02 1
40 5.42E-02 475.47 1
40 5.83E-02 442.28 1
40 6.25E-02 410.46 1
40 6.67E-02 380.07 1
40 7.08E-02 351.13 1
40 7.50E-02 323.64 1
40 7.92E-02 297.62 1
40 8.33E-02 273.05 1
40 8.75E-02 249.95 1
40 9.17E-02 228.26 1
40 9.58E-02 207.98 1
40 0.1 188.88 1
40 0.10417 171.15 1
40 0.10833 154.41 1
40 0.1125 138.95 1
40 0.11667 124.51 1
40 0.12083 111.26 1
40 0.125 98.986 1
40 0.12917 87.77 1
40 0.13333 77.437 1
40 0.1375 68.028 1
40 0.14167 59.477 1
40 0.14583 51.738 1
40 0.15 44.79 1
40 0.15417 38.533 1
40 0.15833 32.966 1
40 0.1625 27.968 1
40 0.16667 23.54 1
40 0.17083 19.559 1
40 0.175 16.021 1
40 0.17917 12.811 1
40 0.18333 9.9143 1
40 0.1875 7.23 1
40 0.19167 4.7333 1
40 0.19583 2.3352 1
40 0.2 -1.12e-14 1
60 0 1000.0 1
60 4.17E-03 964.29 1
60 8.33E-03 928.65 1
60 1.25E-02 893.15 1
60 1.67E-02 857.87 1
60 2.08E-02 822.87 1
60 2.50E-02 788.23 1
60 2.92E-02 753.99 1
60 3.33E-02 720.24 1
60 3.75E-02 687.02 1
60 4.17E-02 654.41 1
60 4.58E-02 622.44 1
60 5.00E-02 591.18 1
60 5.42E-02 560.65 1
60 5.83E-02 530.93 1
60 6.25E-02 502.01 1
60 6.67E-02 473.96 1
60 7.08E-02 446.79 1
60 7.50E-02 420.53 1
60 7.92E-02 395.2 1
60 8.33E-02 370.81 1
60 8.75E-02 347.37 1
60 9.17E-02 324.89 1
60 9.58E-02 303.36 1
60 0.1 282.79 1
60 0.10417 263.17 1
60 0.10833 244.48 1
60 0.1125 226.72 1
60 0.11667 209.86 1
60 0.12083 193.88 1
60 0.125 178.58 1
60 0.12917 164.07 1
60 0.13333 150.23 1
60 0.1375 137.12 1
60 0.14167 124.69 1
60 0.14583 112.92 1
60 0.15 101.78 1
60 0.15417 91.205 1
60 0.15833 81.174 1
60 0.1625 71.585 1
60 0.16667 62.494 1
60 0.17083 53.757 1
60 0.175 45.446 1
60 0.17917 37.388 1
60 0.18333 29.661 1
60 0.1875 22.068 1
60 0.19167 14.688 1
60 0.19583 7.3045 1
60 0.2 -3.54e-14 1
80 0 1000.0 1
80 4.17E-03 969.06 1
80 8.33E-03 938.17 1
80 1.25E-02 907.37 1
80 1.67E-02 876.71 1
80 2.08E-02 846.22 1
80 2.50E-02 815.97 1
80 2.92E-02 785.97 1
80 3.33E-02 756.3 1
80 3.75E-02 726.96 1
80 4.17E-02 698.01 1
80 4.58E-02 669.48 1
80 5.00E-02 641.42 1
80 5.42E-02 613.84 1
80 5.83E-02 586.78 1
80 6.25E-02 560.26 1
80 6.67E-02 534.32 1
80 7.08E-02 508.97 1
80 7.50E-02 484.23 1
80 7.92E-02 460.13 1
80 8.33E-02 436.66 1
80 8.75E-02 413.85 1
80 9.17E-02 391.7 1
80 9.58E-02 370.23 1
80 0.1 349.41 1
80 0.10417 329.28 1
80 0.10833 309.8 1
80 0.1125 290.99 1
80 0.11667 272.83 1
80 0.12083 255.32 1
80 0.125 238.42 1
80 0.12917 222.14 1
80 0.13333 206.45 1
80 0.1375 191.33 1
80 0.14167 176.61 1
80 0.14583 162.32 1
80 0.15 148.43 1
80 0.15417 134.93 1
80 0.15833 121.8 1
80 0.1625 108.99 1
80 0.16667 96.49 1
80 0.17083 84.153 1
80 0.175 72.064 1
80 0.17917 59.974 1
80 0.18333 48.087 1
80 0.1875 36.079 1
80 0.19167 24.211 1
80 0.19583 12.074 1
80 0.2 -5.86e-14 1
100 0 1000.0 1
100 4.17E-03 972.22 1
100 8.33E-03 944.47 1
100 1.25E-02 916.77 1
100 1.67E-02 889.18 1
100 2.08E-02 861.7 1
100 2.50E-02 834.39 1
100 2.92E-02 807.24 1
100 3.33E-02 780.32 1
100 3.75E-02 753.63 1
100 4.17E-02 727.21 1
100 4.58E-02 701.07 1
100 5.00E-02 675.25 1
100 5.42E-02 649.76 1
100 5.83E-02 624.64 1
100 6.25E-02 599.89 1
100 6.67E-02 575.53 1
100 7.08E-02 551.59 1
100 7.50E-02 528.07 1
100 7.92E-02 504.99 1
100 8.33E-02 482.35 1
100 8.75E-02 460.18 1
100 9.17E-02 438.46 1
100 9.58E-02 417.22 1
100 0.1 396.44 1
100 0.10417 376.14 1
100 0.10833 356.31 1
100 0.1125 336.95 1
100 0.11667 318.05 1
100 0.12083 299.61 1
100 0.125 281.61 1
100 0.12917 264.05 1
100 0.13333 246.91 1
100 0.1375 230.18 1
100 0.14167 213.85 1
100 0.14583 197.89 1
100 0.15 182.16 1
100 0.15417 166.66 1
100 0.15833 151.36 1
100 0.1625 136.2 1
100 0.16667 121.23 1
100 0.17083 106.33 1
100 0.175 91.553 1
100 0.17917 76.615 1
100 0.18333 61.758 1
100 0.1875 46.532 1
100 0.19167 31.371 1
100 0.19583 15.663 1
100 0.2 -7.61e-14 1
140 0 1000.0 1
140 4.17E-03 975.91 1
140 8.33E-03 951.83 1
140 1.25E-02 927.79 1
140 1.67E-02 903.79 1
140 2.08E-02 879.85 1
140 2.50E-02 855.99 1
140 2.92E-02 832.21 1
140 3.33E-02 808.54 1
140 3.75E-02 784.98 1
140 4.17E-02 761.55 1
140 4.58E-02 738.27 1
140 5.00E-02 715.13 1
140 5.42E-02 692.16 1
140 5.83E-02 669.37 1
140 6.25E-02 646.76 1
140 6.67E-02 624.35 1
140 7.08E-02 602.13 1
140 7.50E-02 580.13 1
140 7.92E-02 558.34 1
140 8.33E-02 536.77 1
140 8.75E-02 515.42 1
140 9.17E-02 494.3 1
140 9.58E-02 473.42 1
140 0.1 452.76 1
140 0.10417 432.34 1
140 0.10833 412.15 1
140 0.1125 392.2 1
140 0.11667 372.47 1
140 0.12083 352.96 1
140 0.125 333.68 1
140 0.12917 314.61 1
140 0.13333 295.75 1
140 0.1375 277.09 1
140 0.14167 258.63 1
140 0.14583 240.35 1
140 0.15 222.25 1
140 0.15417 204.31 1
140 0.15833 186.42 1
140 0.1625 168.52 1
140 0.16667 150.63 1
140 0.17083 132.59 1
140 0.175 114.57 1
140 0.17917 96.34 1
140 0.18333 78.035 1
140 0.1875 59.024 1
140 0.19167 39.978 1
140 0.19583 19.978 1
140 0.2 -9.72e-14 1
180 0 1000.0 1
180 4.17E-03 977.72 1
180 8.33E-03 955.45 1
180 1.25E-02 933.19 1
180 1.67E-02 910.95 1
180 2.08E-02 888.75 1
180 2.50E-02 866.58 1
180 2.92E-02 844.45 1
180 3.33E-02 822.38 1
180 3.75E-02 800.36 1
180 4.17E-02 778.41 1
180 4.58E-02 756.52 1
180 5.00E-02 734.71 1
180 5.42E-02 712.98 1
180 5.83E-02 691.34 1
180 6.25E-02 669.79 1
180 6.67E-02 648.33 1
180 7.08E-02 626.97 1
180 7.50E-02 605.72 1
180 7.92E-02 584.57 1
180 8.33E-02 563.53 1
180 8.75E-02 542.6 1
180 9.17E-02 521.78 1
180 9.58E-02 501.07 1
180 0.1 480.48 1
180 0.10417 460.01 1
180 0.10833 439.64 1
180 0.1125 419.4 1
180 0.11667 399.26 1
180 0.12083 379.23 1
180 0.125 359.32 1
180 0.12917 339.5 1
180 0.13333 319.8 1
180 0.1375 300.19 1
180 0.14167 280.67 1
180 0.14583 261.25 1
180 0.15 241.91 1
180 0.15417 222.65 1
180 0.15833 203.43 1
180 0.1625 184.23 1
180 0.16667 164.94 1
180 0.17083 145.4 1
180 0.175 125.8 1
180 0.17917 105.89 1
180 0.18333 85.852 1
180 0.1875 65.039 1
180 0.19167 44.14 1
180 0.19583 22.065 1
180 0.2 -1.07e-13 1
240 0 1000.0 1
240 4.17E-03 978.87 1
240 8.33E-03 957.74 1
240 1.25E-02 936.61 1
240 1.67E-02 915.49 1
240 2.08E-02 894.38 1
240 2.50E-02 873.29 1
240 2.92E-02 852.21 1
240 3.33E-02 831.14 1
240 3.75E-02 810.1 1
240 4.17E-02 789.08 1
240 4.58E-02 768.08 1
240 5.00E-02 747.11 1
240 5.42E-02 726.17 1
240 5.83E-02 705.25 1
240 6.25E-02 684.37 1
240 6.67E-02 663.52 1
240 7.08E-02 642.7 1
240 7.50E-02 621.92 1
240 7.92E-02 601.18 1
240 8.33E-02 580.47 1
240 8.75E-02 559.8 1
240 9.17E-02 539.17 1
240 9.58E-02 518.58 1
240 0.1 498.02 1
240 0.10417 477.51 1
240 0.10833 457.04 1
240 0.1125 436.6 1
240 0.11667 416.2 1
240 0.12083 395.85 1
240 0.125 375.53 1
240 0.12917 355.24 1
240 0.13333 334.99 1
240 0.1375 314.78 1
240 0.14167 294.6 1
240 0.14583 274.44 1
240 0.15 254.32 1
240 0.15417 234.23 1
240 0.15833 214.16 1
240 0.1625 194.12 1
240 0.16667 173.94 1
240 0.17083 153.46 1
240 0.175 132.87 1
240 0.17917 111.9 1
240 0.18333 90.774 1
240 0.1875 68.831 1
240 0.19167 46.771 1
240 0.19583 23.384 1
240 0.2 -1.14e-13 1
