0.0 -0.04 -0.04 500.0 6.17283950617284e-05
0.0 -0.04 0.0 500.0 6.17283950617284e-05
0.0 -0.04 0.04 0.0 6.17283950617284e-05
0.0 -0.04 0.07999999999999999 0.0 6.17283950617284e-05
0.0 -0.04 0.12 0.0 6.17283950617284e-05
0.0 -0.04 0.16 0.0 6.17283950617284e-05
0.0 -0.04 0.19999999999999998 0.0 6.17283950617284e-05
0.0 -0.04 0.24000000000000002 0.0 6.17283950617284e-05
0.0 0.0 -0.04 500.0 6.17283950617284e-05
0.0 0.0 0.0 500.0 6.17283950617284e-05
0.0 0.0 0.04 0.0 6.17283950617284e-05
0.0 0.0 0.07999999999999999 0.0 6.17283950617284e-05
0.0 0.0 0.12 0.0 6.17283950617284e-05
0.0 0.0 0.16 0.0 6.17283950617284e-05
0.0 0.0 0.19999999999999998 0.0 6.17283950617284e-05
0.0 0.0 0.24000000000000002 0.0 6.17283950617284e-05
0.0 0.04 -0.04 500.0 6.17283950617284e-05
0.0 0.04 0.0 500.0 6.17283950617284e-05
0.0 0.04 0.04 0.0 6.17283950617284e-05
0.0 0.04 0.07999999999999999 0.0 6.17283950617284e-05
0.0 0.04 0.12 0.0 6.17283950617284e-05
0.0 0.04 0.16 0.0 6.17283950617284e-05
0.0 0.04 0.19999999999999998 0.0 6.17283950617284e-05
0.0 0.04 0.24000000000000002 0.0 6.17283950617284e-05
0.0 0.07999999999999999 -0.04 500.0 6.17283950617284e-05
0.0 0.07999999999999999 0.0 500.0 6.17283950617284e-05
0.0 0.07999999999999999 0.04 0.0 6.17283950617284e-05
0.0 0.07999999999999999 0.07999999999999999 0.0 6.17283950617284e-05
0.0 0.07999999999999999 0.12 0.0 6.17283950617284e-05
0.0 0.07999999999999999 0.16 0.0 6.17283950617284e-05
0.0 0.07999999999999999 0.19999999999999998 0.0 6.17283950617284e-05
0.0 0.07999999999999999 0.24000000000000002 0.0 6.17283950617284e-05
0.0 0.12 -0.04 500.0 6.17283950617284e-05
0.0 0.12 0.0 500.0 6.17283950617284e-05
0.0 0.12 0.04 0.0 6.17283950617284e-05
0.0 0.12 0.07999999999999999 0.0 6.17283950617284e-05
0.0 0.12 0.12 0.0 6.17283950617284e-05
0.0 0.12 0.16 0.0 6.17283950617284e-05
0.0 0.12 0.19999999999999998 0.0 6.17283950617284e-05
0.0 0.12 0.24000000000000002 0.0 6.17283950617284e-05
0.0 0.16 -0.04 500.0 6.17283950617284e-05
0.0 0.16 0.0 500.0 6.17283950617284e-05
0.0 0.16 0.04 0.0 6.17283950617284e-05
0.0 0.16 0.07999999999999999 0.0 6.17283950617284e-05
0.0 0.16 0.12 0.0 6.17283950617284e-05
0.0 0.16 0.16 0.0 6.17283950617284e-05
0.0 0.16 0.19999999999999998 0.0 6.17283950617284e-05
0.0 0.16 0.24000000000000002 0.0 6.17283950617284e-05
0.0 0.19999999999999998 -0.04 500.0 6.17283950617284e-05
0.0 0.19999999999999998 0.0 500.0 6.17283950617284e-05
0.0 0.19999999999999998 0.04 0.0 6.17283950617284e-05
0.0 0.19999999999999998 0.07999999999999999 0.0 6.17283950617284e-05
0.0 0.19999999999999998 0.12 0.0 6.17283950617284e-05
0.0 0.19999999999999998 0.16 0.0 6.17283950617284e-05
0.0 0.19999999999999998 0.19999999999999998 0.0 6.17283950617284e-05
0.0 0.19999999999999998 0.24000000000000002 0.0 6.17283950617284e-05
0.0 0.24000000000000002 -0.04 500.0 6.17283950617284e-05
0.0 0.24000000000000002 0.0 500.0 6.17283950617284e-05
0.0 0.24000000000000002 0.04 0.0 6.17283950617284e-05
0.0 0.24000000000000002 0.07999999999999999 0.0 6.17283950617284e-05
0.0 0.24000000000000002 0.12 0.0 6.17283950617284e-05
0.0 0.24000000000000002 0.16 0.0 6.17283950617284e-05
0.0 0.24000000000000002 0.19999999999999998 0.0 6.17283950617284e-05
0.0 0.24000000000000002 0.24000000000000002 0.0 6.17283950617284e-05
0.25 -0.04 -0.04 500.0 5.8629741090491184e-05
0.25 -0.04 0.0 500.0 5.8629741090491184e-05
0.25 -0.04 0.04 4.546125170657072 6.17283950617284e-05
0.25 -0.04 0.07999999999999999 0.02189726124621823 6.17283950617284e-05
0.25 -0.04 0.12 7.047736226639735e-05 6.17283950617284e-05
0.25 -0.04 0.16 1.7048846498655097e-07 6.17283950617284e-05
0.25 -0.04 0.19999999999999998 0.0 6.17283950617284e-05
0.25 -0.04 0.24000000000000002 0.0 6.17283950617284e-05
0.25 0.0 -0.04 500.0 5.8629741090491184e-05
0.25 0.0 0.0 500.0 5.8629741090491184e-05
0.25 0.0 0.04 4.5461251775809295 6.17283950617284e-05
0.25 0.0 0.07999999999999999 0.021897261193762504 6.17283950617284e-05
0.25 0.0 0.12 7.047727439688482e-05 6.17283950617284e-05
0.25 0.0 0.16 1.7048898055293444e-07 6.17283950617284e-05
0.25 0.0 0.19999999999999998 0.0 6.17283950617284e-05
0.25 0.0 0.24000000000000002 0.0 6.17283950617284e-05
0.25 0.04 -0.04 500.0 5.8629741090491184e-05
0.25 0.04 0.0 500.0 5.8629741090491184e-05
0.25 0.04 0.04 4.546125177772768 6.17283950617284e-05
0.25 0.04 0.07999999999999999 0.021897261292265175 6.17283950617284e-05
0.25 0.04 0.12 7.047737069835203e-05 6.17283950617284e-05
0.25 0.04 0.16 1.7048986988942913e-07 6.17283950617284e-05
0.25 0.04 0.19999999999999998 0.0 6.17283950617284e-05
0.25 0.04 0.24000000000000002 0.0 6.17283950617284e-05
0.25 0.07999999999999999 -0.04 500.0 5.8629741090491184e-05
0.25 0.07999999999999999 0.0 500.0 5.8629741090491184e-05
0.25 0.07999999999999999 0.04 4.546125177806493 6.17283950617284e-05
0.25 0.07999999999999999 0.07999999999999999 0.021897261388861406 6.17283950617284e-05
0.25 0.07999999999999999 0.12 7.047737203494228e-05 6.17283950617284e-05
0.25 0.07999999999999999 0.16 1.7048987813652868e-07 6.17283950617284e-05
0.25 0.07999999999999999 0.19999999999999998 0.0 6.17283950617284e-05
0.25 0.07999999999999999 0.24000000000000002 0.0 6.17283950617284e-05
0.25 0.12 -0.04 500.0 5.8629741090491184e-05
0.25 0.12 0.0 500.0 5.8629741090491184e-05
0.25 0.12 0.04 4.546125177806493 6.17283950617284e-05
0.25 0.12 0.07999999999999999 0.021897261388861406 6.17283950617284e-05
0.25 0.12 0.12 7.047737203494228e-05 6.17283950617284e-05
0.25 0.12 0.16 1.7048987813652868e-07 6.17283950617284e-05
0.25 0.12 0.19999999999999998 0.0 6.17283950617284e-05
0.25 0.12 0.24000000000000002 0.0 6.17283950617284e-05
0.25 0.16 -0.04 500.0 5.8629741090491184e-05
0.25 0.16 0.0 500.0 5.8629741090491184e-05
0.25 0.16 0.04 4.546125177772768 6.17283950617284e-05
0.25 0.16 0.07999999999999999 0.021897261292265175 6.17283950617284e-05
0.25 0.16 0.12 7.047737069835203e-05 6.17283950617284e-05
0.25 0.16 0.16 1.7048986988942913e-07 6.17283950617284e-05
0.25 0.16 0.19999999999999998 0.0 6.17283950617284e-05
0.25 0.16 0.24000000000000002 0.0 6.17283950617284e-05
0.25 0.19999999999999998 -0.04 500.0 5.8629741090491184e-05
0.25 0.19999999999999998 0.0 500.0 5.8629741090491184e-05
0.25 0.19999999999999998 0.04 4.5461251775809295 6.17283950617284e-05
0.25 0.19999999999999998 0.07999999999999999 0.021897261193762504 6.17283950617284e-05
0.25 0.19999999999999998 0.12 7.047727439688482e-05 6.17283950617284e-05
0.25 0.19999999999999998 0.16 1.7048898055293444e-07 6.17283950617284e-05
0.25 0.19999999999999998 0.19999999999999998 0.0 6.17283950617284e-05
0.25 0.19999999999999998 0.24000000000000002 0.0 6.17283950617284e-05
0.25 0.24000000000000002 -0.04 500.0 5.8629741090491184e-05
0.25 0.24000000000000002 0.0 500.0 5.8629741090491184e-05
0.25 0.24000000000000002 0.04 4.546125170657072 6.17283950617284e-05
0.25 0.24000000000000002 0.07999999999999999 0.02189726124621823 6.17283950617284e-05
0.25 0.24000000000000002 0.12 7.047736226639735e-05 6.17283950617284e-05
0.25 0.24000000000000002 0.16 1.7048846498655097e-07 6.17283950617284e-05
0.25 0.24000000000000002 0.19999999999999998 0.0 6.17283950617284e-05
0.25 0.24000000000000002 0.24000000000000002 0.0 6.17283950617284e-05
0.5 -0.04 -0.04 500.0 5.8629741090491184e-05
0.5 -0.04 0.0 500.0 5.8629741090491184e-05
0.5 -0.04 0.04 8.996307659578267 6.17283950617284e-05
0.5 -0.04 0.07999999999999999 0.08630029672363308 6.17283950617284e-05
0.5 -0.04 0.12 0.0005537851738921108 6.17283950617284e-05
0.5 -0.04 0.16 2.6696136826192252e-06 6.17283950617284e-05
0.5 -0.04 0.19999999999999998 0.0 6.17283950617284e-05
0.5 -0.04 0.24000000000000002 0.0 6.17283950617284e-05
0.5 0.0 -0.04 500.0 5.8629741090491184e-05
0.5 0.0 0.0 500.0 5.8629741090491184e-05
0.5 0.0 0.04 8.996307658716576 6.17283950617284e-05
0.5 0.0 0.07999999999999999 0.0863002965895619 6.17283950617284e-05
0.5 0.0 0.12 0.0005537849861302286 6.17283950617284e-05
0.5 0.0 0.16 2.6696101451509426e-06 6.17283950617284e-05
0.5 0.0 0.19999999999999998 0.0 6.17283950617284e-05
0.5 0.0 0.24000000000000002 0.0 6.17283950617284e-05
0.5 0.04 -0.04 500.0 5.8629741090491184e-05
0.5 0.04 0.0 500.0 5.8629741090491184e-05
0.5 0.04 0.04 8.996307659089345 6.17283950617284e-05
0.5 0.04 0.07999999999999999 0.08630029678613227 6.17283950617284e-05
0.5 0.04 0.12 0.0005537851740745099 6.17283950617284e-05
0.5 0.04 0.16 2.669613666880882e-06 6.17283950617284e-05
0.5 0.04 0.19999999999999998 0.0 6.17283950617284e-05
0.5 0.04 0.24000000000000002 0.0 6.17283950617284e-05
0.5 0.07999999999999999 -0.04 500.0 5.8629741090491184e-05
0.5 0.07999999999999999 0.0 500.0 5.8629741090491184e-05
0.5 0.07999999999999999 0.04 8.996307659158397 6.17283950617284e-05
0.5 0.07999999999999999 0.07999999999999999 0.08630029697523796 6.17283950617284e-05
0.5 0.07999999999999999 0.12 0.0005537851793784125 6.17283950617284e-05
0.5 0.07999999999999999 0.16 2.6696137334640533e-06 6.17283950617284e-05
0.5 0.07999999999999999 0.19999999999999998 0.0 6.17283950617284e-05
0.5 0.07999999999999999 0.24000000000000002 0.0 6.17283950617284e-05
0.5 0.12 -0.04 500.0 5.8629741090491184e-05
0.5 0.12 0.0 500.0 5.8629741090491184e-05
0.5 0.12 0.04 8.996307659158397 6.17283950617284e-05
0.5 0.12 0.07999999999999999 0.08630029697523796 6.17283950617284e-05
0.5 0.12 0.12 0.0005537851793784125 6.17283950617284e-05
0.5 0.12 0.16 2.6696137334640533e-06 6.17283950617284e-05
0.5 0.12 0.19999999999999998 0.0 6.17283950617284e-05
0.5 0.12 0.24000000000000002 0.0 6.17283950617284e-05
0.5 0.16 -0.04 500.0 5.8629741090491184e-05
0.5 0.16 0.0 500.0 5.8629741090491184e-05
0.5 0.16 0.04 8.996307659089345 6.17283950617284e-05
0.5 0.16 0.07999999999999999 0.08630029678613227 6.17283950617284e-05
0.5 0.16 0.12 0.0005537851740745099 6.17283950617284e-05
0.5 0.16 0.16 2.669613666880882e-06 6.17283950617284e-05
0.5 0.16 0.19999999999999998 0.0 6.17283950617284e-05
0.5 0.16 0.24000000000000002 0.0 6.17283950617284e-05
0.5 0.19999999999999998 -0.04 500.0 5.8629741090491184e-05
0.5 0.19999999999999998 0.0 500.0 5.8629741090491184e-05
0.5 0.19999999999999998 0.04 8.996307658716576 6.17283950617284e-05
0.5 0.19999999999999998 0.07999999999999999 0.0863002965895619 6.17283950617284e-05
0.5 0.19999999999999998 0.12 0.0005537849861302286 6.17283950617284e-05
0.5 0.19999999999999998 0.16 2.6696101451509426e-06 6.17283950617284e-05
0.5 0.19999999999999998 0.19999999999999998 0.0 6.17283950617284e-05
0.5 0.19999999999999998 0.24000000000000002 0.0 6.17283950617284e-05
0.5 0.24000000000000002 -0.04 500.0 5.8629741090491184e-05
0.5 0.24000000000000002 0.0 500.0 5.8629741090491184e-05
0.5 0.24000000000000002 0.04 8.996307659578267 6.17283950617284e-05
0.5 0.24000000000000002 0.07999999999999999 0.08630029672363308 6.17283950617284e-05
0.5 0.24000000000000002 0.12 0.0005537851738921108 6.17283950617284e-05
0.5 0.24000000000000002 0.16 2.6696136826192252e-06 6.17283950617284e-05
0.5 0.24000000000000002 0.19999999999999998 0.0 6.17283950617284e-05
0.5 0.24000000000000002 0.24000000000000002 0.0 6.17283950617284e-05
