0.0 -0.01 -0.10962799159824373 1.0
0.0 0.0 0.0 1.0
0.0 0.01 0.10962799159824373 1.0
0.0 0.019999999999999997 0.21729901671678703 1.0
0.0 0.03 0.3211035631882877 1.0
0.0 0.04 0.4192258597105408 1.0
0.0 0.049999999999999996 0.5099878556335046 1.0
0.0 0.060000000000000005 0.5918898117731983 1.0
0.0 0.07 0.6636465034907264 1.0
0.0 0.08 0.7242181453124316 1.0
0.0 0.09000000000000001 0.7728352763367982 1.0
0.0 0.1 0.8090169943749475 1.0
0.0 0.11 0.8325820905428603 1.0
0.0 0.12000000000000001 0.8436528108322547 1.0
0.0 0.13 0.8426511527289646 1.0
0.0 0.13999999999999999 0.8302877887525464 1.0
0.0 0.15 0.8075438903328205 1.0
0.0 0.16 0.7756463002479519 1.0
0.0 0.16999999999999998 0.7360366656201449 1.0
0.0 0.18 0.6903352921664704 1.0
0.0 0.19 0.6403006103722461 1.0
0.0 0.19999999999999998 0.5877852522924735 1.0
0.0 0.21 0.534689821132861 1.0
0.0 0.22 0.482915492561216 1.0
0.0 0.22999999999999998 0.4343166154538787 1.0
0.0 0.24 0.3906544797824521 1.0
0.0 0.25 0.35355339059327384 1.0
0.0 0.26 0.3244601302339379 1.0
0.0 0.27 0.3046078075362757 1.0
0.0 0.27999999999999997 0.29498498462821254 1.0
0.0 0.29 0.2963108420781215 1.0
0.0 0.3 0.30901699437494745 1.0
0.0 0.31 0.33323640397699295 1.0
0.0 0.32 0.36879966735443825 1.0
0.0 0.33 0.41523876490975964 1.0
0.0 0.34 0.4717981828563899 1.0
0.0 0.35 0.537453133595094 1.0
0.0 0.36 0.6109344263197829 1.0
0.0 0.37 0.6907593758142077 1.0
0.0 0.38 0.7752679887007775 1.0
0.0 0.39 0.8626635364341099 1.0
0.0 0.4 0.9510565162951534 1.0
0.0 0.41 1.0385109181970582 1.0
0.0 0.42 1.1230916583161046 1.0
0.0 0.43 1.2029120118085206 1.0
0.0 0.44 1.276179876874925 1.0
0.0 0.45 1.3412417311884115 1.0
0.0 0.46 1.3966231985019515 1.0
0.0 0.47 1.441065226697264 1.0
0.0 0.48 1.4735549865758484 1.0
0.0 0.49 1.4933507306633005 1.0
0.0 0.5 1.5 1.0
0.0 0.51 1.4933507306633005 1.0
0.0 0.52 1.4735549865758484 1.0
0.0 0.53 1.4410652266972637 1.0
0.0 0.54 1.3966231985019515 1.0
0.0 0.55 1.3412417311884113 1.0
0.0 0.56 1.2761798768749253 1.0
0.0 0.57 1.2029120118085215 1.0
0.0 0.58 1.123091658316105 1.0
0.0 0.59 1.038510918197059 1.0
0.0 0.6 0.9510565162951539 1.0
0.0 0.61 0.8626635364341106 1.0
0.0 0.62 0.775267988700778 1.0
0.0 0.63 0.6907593758142077 1.0
0.0 0.64 0.6109344263197831 1.0
0.0 0.65 0.537453133595094 1.0
0.0 0.66 0.47179818285638986 1.0
0.0 0.67 0.4152387649097596 1.0
0.0 0.68 0.36879966735443825 1.0
0.0 0.6900000000000001 0.33323640397699283 1.0
0.0 0.7 0.30901699437494745 1.0
0.0 0.71 0.2963108420781216 1.0
0.0 0.72 0.2949849846282124 1.0
0.0 0.73 0.30460780753627537 1.0
0.0 0.74 0.3244601302339376 1.0
0.0 0.75 0.35355339059327334 1.0
0.0 0.76 0.3906544797824521 1.0
0.0 0.77 0.4343166154538786 1.0
0.0 0.78 0.4829154925612159 1.0
0.0 0.79 0.5346898211328611 1.0
0.0 0.8 0.587785252292473 1.0
0.0 0.81 0.6403006103722461 1.0
0.0 0.8200000000000001 0.6903352921664709 1.0
0.0 0.83 0.7360366656201442 1.0
0.0 0.84 0.7756463002479519 1.0
0.0 0.85 0.8075438903328201 1.0
0.0 0.86 0.8302877887525464 1.0
0.0 0.87 0.8426511527289642 1.0
0.0 0.88 0.8436528108322549 1.0
0.0 0.89 0.8325820905428603 1.0
0.0 0.9 0.8090169943749475 1.0
0.0 0.91 0.7728352763367979 1.0
0.0 0.92 0.7242181453124317 1.0
0.0 0.93 0.6636465034907262 1.0
0.0 0.9400000000000001 0.5918898117731979 1.0
0.0 0.95 0.5099878556335052 1.0
0.0 0.96 0.4192258597105413 1.0
0.0 0.97 0.32110356318828837 1.0
0.0 0.98 0.21729901671678759 1.0
0.0 0.99 0.1096279915982444 1.0
0.0 1.0 4.286263797015736e-16 1.0
0.0 1.01 -0.10962799159824357 1.0
0.001 -0.01 0.0 1.0
0.001 0.0 0.0 1.0
0.001 0.01 0.09217110283647896 1.0
0.001 0.019999999999999997 0.18280779493861626 1.0
0.001 0.03 0.27041272207688893 1.0
0.001 0.04 0.35356173186153284 1.0
0.001 0.049999999999999996 0.43093821774408286 1.0
0.001 0.060000000000000005 0.5013648170289144 1.0
0.001 0.07 0.5638316830962047 1.0
0.001 0.08 0.6175206363892161 1.0
0.001 0.09000000000000001 0.6618246001938046 1.0
0.001 0.1 0.6963618433379024 1.0
0.001 0.11 0.7209846798047028 1.0
0.001 0.12000000000000001 0.7357824117368603 1.0
0.001 0.13 0.7410784440495742 1.0
0.001 0.13999999999999999 0.7374216423777988 1.0
0.001 0.15 0.7255721478234383 1.0
0.001 0.16 0.7064819984520746 1.0
0.001 0.16999999999999998 0.6812710353549181 1.0
0.001 0.18 0.6511986871917383 1.0
0.001 0.19 0.617632328605807 1.0
0.001 0.19999999999999998 0.5820129922536825 1.0
0.001 0.21 0.5458192793440093 1.0
0.001 0.22 0.5105303579261273 1.0
0.001 0.22999999999999998 0.47758896061928874 1.0
0.001 0.24 0.44836529347381204 1.0
0.001 0.25 0.42412274520663445 1.0
0.001 0.26 0.4059862417081972 1.0
0.001 0.27 0.3949140255673478 1.0
0.001 0.27999999999999997 0.391673556010249 1.0
0.001 0.29 0.3968221231751029 1.0
0.001 0.3 0.41069265454550474 1.0
0.001 0.31 0.433385063500199 1.0
0.001 0.32 0.46476335345436737 1.0
0.001 0.33 0.5044585493280482 1.0
0.001 0.34 0.5518773845709462 1.0
0.001 0.35 0.6062165302333964 1.0
0.001 0.36 0.6664820160906675 1.0
0.001 0.37 0.7315133659628643 1.0
0.001 0.38 0.8000118532738136 1.0
0.001 0.39 0.8705721814183345 1.0
0.001 0.4 0.9417168091567764 1.0
0.001 0.41 1.0119320761057269 1.0
0.001 0.42 1.0797052390485207 1.0
0.001 0.43 1.1435615073406251 1.0
0.001 0.44 1.2021001656858545 1.0
0.001 0.45 1.2540288950097387 1.0
0.001 0.46 1.2981954465033971 1.0
0.001 0.47 1.3336158890630574 1.0
0.001 0.48 1.3594987347026253 1.0
0.001 0.49 1.3752643479924807 1.0
0.001 0.5 1.3805591616782955 1.0
0.001 0.51 1.3752643485003548 1.0
0.001 0.52 1.3594987357181716 1.0
0.001 0.53 1.3336158905864193 1.0
0.001 0.54 1.298195448536252 1.0
0.001 0.55 1.25402889755736 1.0
0.001 0.56 1.2021001687604187 1.0
0.001 0.57 1.1435615109664048 1.0
0.001 0.58 1.0797052432699554 1.0
0.001 0.59 1.0119320809999395 1.0
0.001 0.6 0.9417168148529966 1.0
0.001 0.61 0.8705721881280459 1.0
0.001 0.62 0.8000118613376161 1.0
0.001 0.63 0.7315133759233504 1.0
0.001 0.64 0.6664820288058451 1.0
0.001 0.65 0.6062165470532797 1.0
0.001 0.66 0.551877407612581 1.0
0.001 0.67 0.5044585819039293 1.0
0.001 0.68 0.46476340073988076 1.0
0.001 0.6900000000000001 0.43338513357353325 1.0
0.001 0.7 0.41069276000797983 1.0
0.001 0.71 0.39682228367594397 1.0
0.001 0.72 0.39167380218073145 1.0
0.001 0.73 0.3949144051511177 1.0
0.001 0.74 0.4059868291138143 1.0
0.001 0.75 0.42412365639283206 1.0
0.001 0.76 0.44836670914451704 1.0
0.001 0.77 0.4775911623674129 1.0
0.001 0.78 0.5105337845548865 1.0
0.001 0.79 0.5458246146300574 1.0
0.001 0.8 0.5820213017047122 1.0
0.001 0.81 0.6176452725641666 1.0
0.001 0.8200000000000001 0.6512188529048477 1.0
0.001 0.83 0.6813024544266181 1.0
0.001 0.84 0.7065309531652524 1.0
0.001 0.85 0.725648427598561 1.0
0.001 0.86 0.7375405016591516 1.0
0.001 0.87 0.7412636531965969 1.0
0.001 0.88 0.7360710110989863 1.0
0.001 0.89 0.7214343877948557 1.0
0.001 0.9 0.6970626001195454 1.0
0.001 0.91 0.6629165557191887 1.0
0.001 0.92 0.6192221803967473 1.0
0.001 0.93 0.5664831230667129 1.0
0.001 0.9400000000000001 0.5054964396924315 1.0
0.001 0.95 0.43737634643890355 1.0
0.001 0.96 0.3635939912178555 1.0
0.001 0.97 0.28604556296231476 1.0
0.001 0.98 0.20716778465527966 1.0
0.001 0.99 0.13013023861001793 1.0
0.001 1.0 0.05915010845909927 1.0
0.001 1.01 4.286263797015736e-16 1.0
0.002 -0.01 0.0 1.0
0.002 0.0 0.0 1.0
0.002 0.01 0.07847688107435632 1.0
0.002 0.019999999999999997 0.15574932907807915 1.0
0.002 0.03 0.23064184963142642 1.0
0.002 0.04 0.3020361139855946 1.0
0.002 0.049999999999999996 0.36889777975545385 1.0
0.002 0.060000000000000005 0.4303012457457542 1.0
0.002 0.07 0.48545173203247827 1.0
0.002 0.08 0.5337041423182505 1.0
0.002 0.09000000000000001 0.5745782448076271 1.0
0.002 0.1 0.6077697984937591 1.0
0.002 0.11 0.6331573515802089 1.0
0.002 0.12000000000000001 0.650804545322389 1.0
0.002 0.13 0.6609578672382512 1.0
0.002 0.13999999999999999 0.6640399096825464 1.0
0.002 0.15 0.6606383004442415 1.0
0.002 0.16 0.6514905785876222 1.0
0.002 0.16999999999999998 0.6374653885902959 1.0
0.002 0.18 0.6195404564775739 1.0
0.002 0.19 0.5987778908805199 1.0
0.002 0.19999999999999998 0.5762974178034743 1.0
0.002 0.21 0.5532482087544592 1.0
0.002 0.22 0.5307799965160096 1.0
0.002 0.22999999999999998 0.5100141903621005 1.0
0.002 0.24 0.49201570252740306 1.0
0.002 0.25 0.4777661802080505 1.0
0.002 0.26 0.4681393027500401 1.0
0.002 0.27 0.46387875281491137 1.0
0.002 0.27999999999999997 0.465579404454879 1.0
0.002 0.29 0.4736721918028765 1.0
0.002 0.3 0.48841303143776793 1.0
0.002 0.31 0.5098760716533441 1.0
0.002 0.32 0.537951435299824 1.0
0.002 0.33 0.572347512202316 1.0
0.002 0.34 0.6125977451169913 1.0
0.002 0.35 0.6580717425214775 1.0
0.002 0.36 0.7079904449761776 1.0
0.002 0.37 0.7614449719616456 1.0
0.002 0.38 0.8174186854521344 1.0
0.002 0.39 0.8748119272588288 1.0
0.002 0.4 0.9324688213190717 1.0
0.002 0.41 0.9892054812416011 1.0
0.002 0.42 1.0438389287950636 1.0
0.002 0.43 1.0952160115003164 1.0
0.002 0.44 1.142241607487926 1.0
0.002 0.45 1.1839054233107973 1.0
0.002 0.46 1.219306725026398 1.0
0.002 0.47 1.2476763937311115 1.0
0.002 0.48 1.2683957625882596 1.0
0.002 0.49 1.2810117716196925 1.0
0.002 0.5 1.2852480671777102 1.0
0.002 0.51 1.281011772847434 1.0
0.002 0.52 1.2683957650914475 1.0
0.002 0.53 1.247676397614684 1.0
0.002 0.54 1.2193067304732734 1.0
0.002 0.55 1.1839054306175103 1.0
0.002 0.56 1.1422416171214702 1.0
0.002 0.57 1.095216024186239 1.0
0.002 0.58 1.0438389456523631 1.0
0.002 0.59 0.9892055039881864 1.0
0.002 0.6 0.9324688525838774 1.0
0.002 0.61 0.874811971055258 1.0
0.002 0.62 0.8174187478954538 1.0
0.002 0.63 0.7614450623550937 1.0
0.002 0.64 0.7079905774538575 1.0
0.002 0.65 0.6580719385312592 1.0
0.002 0.66 0.6125980371693769 1.0
0.002 0.67 0.572347949525043 1.0
0.002 0.68 0.5379520923577663 1.0
0.002 0.6900000000000001 0.5098770609707317 1.0
0.002 0.7 0.4884145228712072 1.0
0.002 0.71 0.4736744414716555 1.0
0.002 0.72 0.4655827981047197 1.0
0.002 0.73 0.46388387071426596 1.0
0.002 0.74 0.4681470166460729 1.0
0.002 0.75 0.4777777979124871 1.0
0.002 0.76 0.4920331830953243 1.0
0.002 0.77 0.5100404636214251 1.0
0.002 0.78 0.5308194363960601 1.0
0.002 0.79 0.5533073325507871 1.0
0.002 0.8 0.5763859161266571 1.0
0.002 0.81 0.5989101395756495 1.0
0.002 0.8200000000000001 0.6197377276568692 1.0
0.002 0.83 0.6377590701571985 1.0
0.002 0.84 0.651926839176644 1.0
0.002 0.85 0.6612848102354525 1.0
0.002 0.86 0.6649954586701938 1.0
0.002 0.87 0.6623660214527021 1.0
0.002 0.88 0.6528728518932463 1.0
0.002 0.89 0.6361840320232555 1.0
0.002 0.9 0.6121803056497082 1.0
0.002 0.91 0.5809743773455891 1.0
0.002 0.92 0.5429283444892896 1.0
0.002 0.93 0.49866822662501054 1.0
0.002 0.9400000000000001 0.44909275565135226 1.0
0.002 0.95 0.39536995785549883 1.0
0.002 0.96 0.33890814439247796 1.0
0.002 0.97 0.2812752346591123 1.0
0.002 0.98 0.22401760935794873 1.0
0.002 0.99 0.16828971676068893 1.0
0.002 1.0 0.11413630391064902 1.0
0.002 1.01 0.05915010845909928 1.0
0.003 -0.01 0.0 1.0
0.003 0.0 0.0 1.0
0.003 0.01 0.06772102932566307 1.0
0.003 0.019999999999999997 0.13449532192555663 1.0
0.003 0.03 0.1993987413117153 1.0
0.003 0.04 0.2615517961804307 1.0
0.003 0.049999999999999996 0.3201405871746078 1.0
0.003 0.060000000000000005 0.37443614066820335 1.0
0.003 0.07 0.42381165420288713 1.0
0.003 0.08 0.4677572296292213 1.0
0.003 0.09000000000000001 0.5058917318638005 1.0
0.003 0.1 0.5379714819473225 1.0
0.003 0.11 0.5638955710341647 1.0
0.003 0.12000000000000001 0.5837076651426163 1.0
0.003 0.13 0.5975942568979431 1.0
0.003 0.13999999999999999 0.6058794079804852 1.0
0.003 0.15 0.6090161123940099 1.0
0.003 0.16 0.6075744938680043 1.0
0.003 0.16999999999999998 0.6022271286529655 1.0
0.003 0.18 0.5937318557406892 1.0
0.003 0.19 0.5829124983994767 1.0
0.003 0.19999999999999998 0.570637972333903 1.0
0.003 0.21 0.5578002954942141 1.0
0.003 0.22 0.545292041593622 1.0
0.003 0.22999999999999998 0.5339837930771425 1.0
0.003 0.24 0.5247021492861421 1.0
0.003 0.25 0.5182088318784885 1.0
0.003 0.26 0.5151814025320705 1.0
0.003 0.27 0.5161960682450857 1.0
0.003 0.27999999999999997 0.5217129981278563 1.0
0.003 0.29 0.5320645137240609 1.0
0.003 0.3 0.5474464441273772 1.0
0.003 0.31 0.5679128592152114 1.0
0.003 0.32 0.5933743111237499 1.0
0.003 0.33 0.6235996276865938 1.0
0.003 0.34 0.6582212140802584 1.0
0.003 0.35 0.6967437325179013 1.0
0.003 0.36 0.7385559466352376 1.0
0.003 0.37 0.7829454392684254 1.0
0.003 0.38 0.8291158415519094 1.0
0.003 0.39 0.8762061494075568 1.0
0.003 0.4 0.9233116520779532 1.0
0.003 0.41 0.9695059576426466 1.0
0.003 0.42 1.0138635734242651 1.0
0.003 0.43 1.0554824855075036 1.0
0.003 0.44 1.0935061815949 1.0
0.003 0.45 1.1271445751091114 1.0
0.003 0.46 1.1556933154851405 1.0
0.003 0.47 1.1785510093119718 1.0
0.003 0.48 1.1952339284035163 1.0
0.003 0.49 1.2053878427375522 1.0
0.003 0.5 1.2087966869753468 1.0
0.003 0.51 1.2053878472213904 1.0
0.003 0.52 1.1952339378828643 1.0
0.003 0.53 1.1785510248938569 1.0
0.003 0.54 1.155693339052458 1.0
0.003 0.55 1.1271446096262223 1.0
0.003 0.56 1.093506231585983 1.0
0.003 0.57 1.0554825577818887 1.0
0.003 0.58 1.0138636781606203 1.0
0.003 0.59 0.969506109998083 1.0
0.003 0.6 0.9233118745666544 1.0
0.003 0.61 0.8762064754075232 1.0
0.003 0.62 0.8291163204638163 1.0
0.003 0.63 0.7829461440900891 1.0
0.003 0.64 0.7385569850612527 1.0
0.003 0.65 0.6967452631725349 1.0
0.003 0.66 0.6582234702076128 1.0
0.003 0.67 0.6236029516464912 1.0
0.003 0.68 0.5933792045020059 1.0
0.003 0.6900000000000001 0.5679200554293267 1.0
0.003 0.7 0.5474570133358385 1.0
0.003 0.71 0.5320800139600046 1.0
0.003 0.72 0.5217356923215928 1.0
0.003 0.73 0.5162292347681319 1.0
0.003 0.74 0.5152297778650923 1.0
0.003 0.75 0.5182792389753608 1.0
0.003 0.76 0.524804385426695 1.0
0.003 0.77 0.5341318779856519 1.0
0.003 0.78 0.545505962092458 1.0
0.003 0.79 0.558108428820508 1.0
0.003 0.8 0.5710804281819104 1.0
0.003 0.81 0.5835456908206627 1.0
0.003 0.8200000000000001 0.5946346997552541 1.0
0.003 0.83 0.6035093493102826 1.0
0.003 0.84 0.6093876287390236 1.0
0.003 0.85 0.6115678645473179 1.0
0.003 0.86 0.6094520342949228 1.0
0.003 0.87 0.6025676052214894 1.0
0.003 0.88 0.590587225597192 1.0
0.003 0.89 0.5733453713321766 1.0
0.003 0.9 0.5508506916980591 1.0
0.003 0.91 0.5232922914304958 1.0
0.003 0.92 0.4910375787223693 1.0
0.003 0.93 0.4546187980262917 1.0
0.003 0.9400000000000001 0.41470548484766345 1.0
0.003 0.95 0.37206204443178004 1.0
0.003 0.96 0.3274960370760903 1.0
0.003 0.97 0.28181870458459746 1.0
0.003 0.98 0.23587478168521167 1.0
0.003 0.99 0.19077256057121822 1.0
0.003 1.0 0.14859242848294874 1.0
0.003 1.01 0.11413630391064904 1.0
