0 0.0 0.0 1.0
0 0.01 0.0 1.0
0 0.02 0.0 1.0
0 0.03 0.0 1.0
0 0.04 0.0 1.0
0 0.05 0.0 1.0
0 0.06 0.0 1.0
0 0.07 0.0 1.0
0 0.08 0.0 1.0
0 0.09 0.0 1.0
0 0.1 0.0 1.0
0 0.11 0.0 1.0
0 0.12 0.0 1.0
0 0.13 0.0 1.0
0 0.14 0.0 1.0
0 0.15 0.0 1.0
0 0.16 0.0 1.0
0 0.17 0.0 1.0
0 0.18 0.0 1.0
0 0.19 0.0 1.0
0 0.2 0.0 1.0
0 0.21 0.0 1.0
0 0.22 0.0 1.0
0 0.23 0.0 1.0
0 0.24 0.0 1.0
0 0.25 0.0 1.0
0 0.26 1.0 1.0
0 0.27 1.0 1.0
0 0.28 1.0 1.0
0 0.29 1.0 1.0
0 0.3 1.0 1.0
0 0.31 1.0 1.0
0 0.32 1.0 1.0
0 0.33 1.0 1.0
0 0.34 1.0 1.0
0 0.35000000000000003 1.0 1.0
0 0.36 1.0 1.0
0 0.37 1.0 1.0
0 0.38 1.0 1.0
0 0.39 1.0 1.0
0 0.4 1.0 1.0
0 0.41000000000000003 1.0 1.0
0 0.42 1.0 1.0
0 0.43 1.0 1.0
0 0.44 1.0 1.0
0 0.45 1.0 1.0
0 0.46 1.0 1.0
0 0.47000000000000003 1.0 1.0
0 0.48 1.0 1.0
0 0.49 1.0 1.0
0 0.5 1.0 1.0
0 0.51 1.0 1.0
0 0.52 1.0 1.0
0 0.53 1.0 1.0
0 0.54 1.0 1.0
0 0.55 1.0 1.0
0 0.56 1.0 1.0
0 0.5700000000000001 1.0 1.0
0 0.58 1.0 1.0
0 0.59 1.0 1.0
0 0.6 1.0 1.0
0 0.61 1.0 1.0
0 0.62 1.0 1.0
0 0.63 1.0 1.0
0 0.64 1.0 1.0
0 0.65 1.0 1.0
0 0.66 1.0 1.0
0 0.67 1.0 1.0
0 0.68 1.0 1.0
0 0.6900000000000001 1.0 1.0
0 0.7000000000000001 1.0 1.0
0 0.71 1.0 1.0
0 0.72 1.0 1.0
0 0.73 1.0 1.0
0 0.74 1.0 1.0
0 0.75 1.0 1.0
0 0.76 1.0 1.0
0 0.77 0.0 1.0
0 0.78 0.0 1.0
0 0.79 0.0 1.0
0 0.8 0.0 1.0
0 0.81 0.0 1.0
0 0.8200000000000001 0.0 1.0
0 0.8300000000000001 0.0 1.0
0 0.84 0.0 1.0
0 0.85 0.0 1.0
0 0.86 0.0 1.0
0 0.87 0.0 1.0
0 0.88 0.0 1.0
0 0.89 0.0 1.0
0 0.9 0.0 1.0
0 0.91 0.0 1.0
0 0.92 0.0 1.0
0 0.93 0.0 1.0
0 0.9400000000000001 0.0 1.0
0 0.9500000000000001 0.0 1.0
0 0.96 0.0 1.0
0 0.97 0.0 1.0
0 0.98 0.0 1.0
0 0.99 0.0 1.0
0 1.0 0.0 1.0
0 1.01 0.0 1.0
0 1.02 0.0 1.0
0 0.0 0.0 1.0
0 0.01 0.0 1.0
0 0.02 0.0 1.0
0 0.03 0.0 1.0
0 0.04 0.0 1.0
0 0.05 0.0 1.0
0 0.06 0.0 1.0
0 0.07 0.0 1.0
0 0.08 0.0 1.0
0 0.09 0.0 1.0
0 0.1 0.0 1.0
0 0.11 0.0 1.0
0 0.12 0.0 1.0
0 0.13 0.0 1.0
0 0.14 0.0 1.0
0 0.15 0.0 1.0
0 0.16 0.0 1.0
0 0.17 0.0 1.0
0 0.18 0.0 1.0
0 0.19 0.0 1.0
0 0.2 0.0 1.0
0 0.21 0.0 1.0
0 0.22 0.0 1.0
0 0.23 0.0 1.0
0 0.24 0.0 1.0
0 0.25 0.0 1.0
0 0.26 1.0 1.0
0 0.27 1.0 1.0
0 0.28 1.0 1.0
0 0.29 1.0 1.0
0 0.3 1.0 1.0
0 0.31 1.0 1.0
0 0.32 1.0 1.0
0 0.33 1.0 1.0
0 0.34 1.0 1.0
0 0.35000000000000003 1.0 1.0
0 0.36 1.0 1.0
0 0.37 1.0 1.0
0 0.38 1.0 1.0
0 0.39 1.0 1.0
0 0.4 1.0 1.0
0 0.41000000000000003 1.0 1.0
0 0.42 1.0 1.0
0 0.43 1.0 1.0
0 0.44 1.0 1.0
0 0.45 1.0 1.0
0 0.46 1.0 1.0
0 0.47000000000000003 1.0 1.0
0 0.48 1.0 1.0
0 0.49 1.0 1.0
0 0.5 1.0 1.0
0 0.51 1.0 1.0
0 0.52 1.0 1.0
0 0.53 1.0 1.0
0 0.54 1.0 1.0
0 0.55 1.0 1.0
0 0.56 1.0 1.0
0 0.5700000000000001 1.0 1.0
0 0.58 1.0 1.0
0 0.59 1.0 1.0
0 0.6 1.0 1.0
0 0.61 1.0 1.0
0 0.62 1.0 1.0
0 0.63 1.0 1.0
0 0.64 1.0 1.0
0 0.65 1.0 1.0
0 0.66 1.0 1.0
0 0.67 1.0 1.0
0 0.68 1.0 1.0
0 0.6900000000000001 1.0 1.0
0 0.7000000000000001 1.0 1.0
0 0.71 1.0 1.0
0 0.72 1.0 1.0
0 0.73 1.0 1.0
0 0.74 1.0 1.0
0 0.75 1.0 1.0
0 0.76 1.0 1.0
0 0.77 0.0 1.0
0 0.78 0.0 1.0
0 0.79 0.0 1.0
0 0.8 0.0 1.0
0 0.81 0.0 1.0
0 0.8200000000000001 0.0 1.0
0 0.8300000000000001 0.0 1.0
0 0.84 0.0 1.0
0 0.85 0.0 1.0
0 0.86 0.0 1.0
0 0.87 0.0 1.0
0 0.88 0.0 1.0
0 0.89 0.0 1.0
0 0.9 0.0 1.0
0 0.91 0.0 1.0
0 0.92 0.0 1.0
0 0.93 0.0 1.0
0 0.9400000000000001 0.0 1.0
0 0.9500000000000001 0.0 1.0
0 0.96 0.0 1.0
0 0.97 0.0 1.0
0 0.98 0.0 1.0
0 0.99 0.0 1.0
0 1.0 0.0 1.0
0 1.01 0.0 1.0
0 1.02 0.0 1.0
0.0 0.0 0.0 1.0
0.0 0.01 0.0 1.0
0.0 0.02 0.0 1.0
0.0 0.03 0.0 1.0
0.0 0.04 0.0 1.0
0.0 0.05 0.0 1.0
0.0 0.06 0.0 1.0
0.0 0.07 0.0 1.0
0.0 0.08 0.0 1.0
0.0 0.09 0.0 1.0
0.0 0.1 0.0 1.0
0.0 0.11 0.0 1.0
0.0 0.12 0.0 1.0
0.0 0.13 0.0 1.0
0.0 0.14 0.0 1.0
0.0 0.15 0.0 1.0
0.0 0.16 0.0 1.0
0.0 0.17 0.0 1.0
0.0 0.18 0.0 1.0
0.0 0.19 0.0 1.0
0.0 0.2 0.0 1.0
0.0 0.21 0.0 1.0
0.0 0.22 0.0 1.0
0.0 0.23 0.0 1.0
0.0 0.24 0.0 1.0
0.0 0.25 0.0 1.0
0.0 0.26 1.0 1.0
0.0 0.27 1.0 1.0
0.0 0.28 1.0 1.0
0.0 0.29 1.0 1.0
0.0 0.3 1.0 1.0
0.0 0.31 1.0 1.0
0.0 0.32 1.0 1.0
0.0 0.33 1.0 1.0
0.0 0.34 1.0 1.0
0.0 0.35000000000000003 1.0 1.0
0.0 0.36 1.0 1.0
0.0 0.37 1.0 1.0
0.0 0.38 1.0 1.0
0.0 0.39 1.0 1.0
0.0 0.4 1.0 1.0
0.0 0.41000000000000003 1.0 1.0
0.0 0.42 1.0 1.0
0.0 0.43 1.0 1.0
0.0 0.44 1.0 1.0
0.0 0.45 1.0 1.0
0.0 0.46 1.0 1.0
0.0 0.47000000000000003 1.0 1.0
0.0 0.48 1.0 1.0
0.0 0.49 1.0 1.0
0.0 0.5 1.0 1.0
0.0 0.51 1.0 1.0
0.0 0.52 1.0 1.0
0.0 0.53 1.0 1.0
0.0 0.54 1.0 1.0
0.0 0.55 1.0 1.0
0.0 0.56 1.0 1.0
0.0 0.5700000000000001 1.0 1.0
0.0 0.58 1.0 1.0
0.0 0.59 1.0 1.0
0.0 0.6 1.0 1.0
0.0 0.61 1.0 1.0
0.0 0.62 1.0 1.0
0.0 0.63 1.0 1.0
0.0 0.64 1.0 1.0
0.0 0.65 1.0 1.0
0.0 0.66 1.0 1.0
0.0 0.67 1.0 1.0
0.0 0.68 1.0 1.0
0.0 0.6900000000000001 1.0 1.0
0.0 0.7000000000000001 1.0 1.0
0.0 0.71 1.0 1.0
0.0 0.72 1.0 1.0
0.0 0.73 1.0 1.0
0.0 0.74 1.0 1.0
0.0 0.75 1.0 1.0
0.0 0.76 1.0 1.0
0.0 0.77 0.0 1.0
0.0 0.78 0.0 1.0
0.0 0.79 0.0 1.0
0.0 0.8 0.0 1.0
0.0 0.81 0.0 1.0
0.0 0.8200000000000001 0.0 1.0
0.0 0.8300000000000001 0.0 1.0
0.0 0.84 0.0 1.0
0.0 0.85 0.0 1.0
0.0 0.86 0.0 1.0
0.0 0.87 0.0 1.0
0.0 0.88 0.0 1.0
0.0 0.89 0.0 1.0
0.0 0.9 0.0 1.0
0.0 0.91 0.0 1.0
0.0 0.92 0.0 1.0
0.0 0.93 0.0 1.0
0.0 0.9400000000000001 0.0 1.0
0.0 0.9500000000000001 0.0 1.0
0.0 0.96 0.0 1.0
0.0 0.97 0.0 1.0
0.0 0.98 0.0 1.0
0.0 0.99 0.0 1.0
0.0 1.0 0.0 1.0
0.0 1.01 0.0 1.0
0.0 1.02 0.0 1.0
0.0 0.0 0.0 1.0
0.0 0.01 0.0 1.0
0.0 0.02 0.0 1.0
0.0 0.03 0.0 1.0
0.0 0.04 0.0 1.0
0.0 0.05 0.0 1.0
0.0 0.06 0.0 1.0
0.0 0.07 0.0 1.0
0.0 0.08 0.0 1.0
0.0 0.09 0.0 1.0
0.0 0.1 0.0 1.0
0.0 0.11 0.0 1.0
0.0 0.12 0.0 1.0
0.0 0.13 0.0 1.0
0.0 0.14 0.0 1.0
0.0 0.15 0.0 1.0
0.0 0.16 0.0 1.0
0.0 0.17 0.0 1.0
0.0 0.18 0.0 1.0
0.0 0.19 0.0 1.0
0.0 0.2 0.0 1.0
0.0 0.21 0.0 1.0
0.0 0.22 0.0 1.0
0.0 0.23 0.0 1.0
0.0 0.24 0.0 1.0
0.0 0.25 0.0 1.0
0.0 0.26 1.0 1.0
0.0 0.27 1.0 1.0
0.0 0.28 1.0 1.0
0.0 0.29 1.0 1.0
0.0 0.3 1.0 1.0
0.0 0.31 1.0 1.0
0.0 0.32 1.0 1.0
0.0 0.33 1.0 1.0
0.0 0.34 1.0 1.0
0.0 0.35000000000000003 1.0 1.0
0.0 0.36 1.0 1.0
0.0 0.37 1.0 1.0
0.0 0.38 1.0 1.0
0.0 0.39 1.0 1.0
0.0 0.4 1.0 1.0
0.0 0.41000000000000003 1.0 1.0
0.0 0.42 1.0 1.0
0.0 0.43 1.0 1.0
0.0 0.44 1.0 1.0
0.0 0.45 1.0 1.0
0.0 0.46 1.0 1.0
0.0 0.47000000000000003 1.0 1.0
0.0 0.48 1.0 1.0
0.0 0.49 1.0 1.0
0.0 0.5 1.0 1.0
0.0 0.51 1.0 1.0
0.0 0.52 1.0 1.0
0.0 0.53 1.0 1.0
0.0 0.54 1.0 1.0
0.0 0.55 1.0 1.0
0.0 0.56 1.0 1.0
0.0 0.5700000000000001 1.0 1.0
0.0 0.58 1.0 1.0
0.0 0.59 1.0 1.0
0.0 0.6 1.0 1.0
0.0 0.61 1.0 1.0
0.0 0.62 1.0 1.0
0.0 0.63 1.0 1.0
0.0 0.64 1.0 1.0
0.0 0.65 1.0 1.0
0.0 0.66 1.0 1.0
0.0 0.67 1.0 1.0
0.0 0.68 1.0 1.0
0.0 0.6900000000000001 1.0 1.0
0.0 0.7000000000000001 1.0 1.0
0.0 0.71 1.0 1.0
0.0 0.72 1.0 1.0
0.0 0.73 1.0 1.0
0.0 0.74 1.0 1.0
0.0 0.75 1.0 1.0
0.0 0.76 1.0 1.0
0.0 0.77 0.0 1.0
0.0 0.78 0.0 1.0
0.0 0.79 0.0 1.0
0.0 0.8 0.0 1.0
0.0 0.81 0.0 1.0
0.0 0.8200000000000001 0.0 1.0
0.0 0.8300000000000001 0.0 1.0
0.0 0.84 0.0 1.0
0.0 0.85 0.0 1.0
0.0 0.86 0.0 1.0
0.0 0.87 0.0 1.0
0.0 0.88 0.0 1.0
0.0 0.89 0.0 1.0
0.0 0.9 0.0 1.0
0.0 0.91 0.0 1.0
0.0 0.92 0.0 1.0
0.0 0.93 0.0 1.0
0.0 0.9400000000000001 0.0 1.0
0.0 0.9500000000000001 0.0 1.0
0.0 0.96 0.0 1.0
0.0 0.97 0.0 1.0
0.0 0.98 0.0 1.0
0.0 0.99 0.0 1.0
0.0 1.0 0.0 1.0
0.0 1.01 0.0 1.0
0.0 1.02 0.0 1.0
0.002 0.0 0.0 6.17283950617284e-05
0.002 0.01 0.0 6.17283950617284e-05
0.002 0.02 0.00027858307723069417 6.17283950617284e-05
0.002 0.03 0.0005855980487682211 6.17283950617284e-05
0.002 0.04 0.0009520089609889702 6.17283950617284e-05
0.002 0.05 0.0014147089663047478 6.17283950617284e-05
0.002 0.06 0.0020202129179270464 6.17283950617284e-05
0.002 0.07 0.0028293114550866187 6.17283950617284e-05
0.002 0.08 0.003923152064475237 6.17283950617284e-05
0.002 0.09 0.00541135529560816 6.17283950617284e-05
0.002 0.1 0.007442977818034741 6.17283950617284e-05
0.002 0.11 0.010221418687817774 6.17283950617284e-05
0.002 0.12 0.014024759507339179 6.17283950617284e-05
0.002 0.13 0.01923357254785598 6.17283950617284e-05
0.002 0.14 0.026368977696782474 6.17283950617284e-05
0.002 0.15 0.036144753970588986 6.17283950617284e-05
0.002 0.16 0.04953871678730413 6.17283950617284e-05
0.002 0.17 0.06789049876513523 6.17283950617284e-05
0.002 0.18 0.0930355121628836 6.17283950617284e-05
0.002 0.19 0.12748848923851192 6.17283950617284e-05
0.002 0.2 0.1746949545904671 6.17283950617284e-05
0.002 0.21 0.2393757767410004 6.17283950617284e-05
0.002 0.22 0.3279992541412263 6.17283950617284e-05
0.002 0.23 0.4494279442161071 6.17283950617284e-05
0.002 0.24 0.6158049183678147 6.17283950617284e-05
0.002 0.25 0.8437680684480894 6.17283950617284e-05
0.002 0.26 0.1561138953535453 6.17283950617284e-05
0.002 0.27 0.3840771586067707 6.17283950617284e-05
0.002 0.28 0.5504543518814777 6.17283950617284e-05
0.002 0.29 0.6718833520214773 6.17283950617284e-05
0.002 0.3 0.760507206450105 6.17283950617284e-05
0.002 0.31 0.8251884377036139 6.17283950617284e-05
0.002 0.32 0.8723952955327552 6.17283950617284e-05
0.002 0.33 0.906848581772348 6.17283950617284e-05
0.002 0.34 0.9319937304546932 6.17283950617284e-05
0.002 0.35000000000000003 0.9503453511668234 6.17283950617284e-05
0.002 0.36 0.9637386899762161 6.17283950617284e-05
0.002 0.37 0.9735131540071442 6.17283950617284e-05
0.002 0.38 0.980646252116051 6.17283950617284e-05
0.002 0.39 0.9858513457257643 6.17283950617284e-05
0.002 0.4 0.9896489848960881 6.17283950617284e-05
0.002 0.41000000000000003 0.9924189632340503 6.17283950617284e-05
0.002 0.42 0.9944382971333141 6.17283950617284e-05
0.002 0.43 0.9959089272675132 6.17283950617284e-05
0.002 0.44 0.9969779124900306 6.17283950617284e-05
0.002 0.45 0.9977521355356178 6.17283950617284e-05
0.002 0.46 0.9983089911015253 6.17283950617284e-05
0.002 0.47000000000000003 0.9987041251255901 6.17283950617284e-05
0.002 0.48 0.9989769991999216 6.17283950617284e-05
0.002 0.49 0.9991548365735143 6.17283950617284e-05
0.002 0.5 0.9992553443566908 6.17283950617284e-05
0.002 0.51 0.9992884841607086 6.17283950617284e-05
0.002 0.52 0.9992574682491393 6.17283950617284e-05
0.002 0.53 0.9991590808280936 6.17283950617284e-05
0.002 0.54 0.9989833566150879 6.17283950617284e-05
0.002 0.55 0.9987125845526297 6.17283950617284e-05
0.002 0.56 0.998319537045107 6.17283950617284e-05
0.002 0.5700000000000001 0.9977647476476312 6.17283950617284e-05
0.002 0.58 0.996992564978173 6.17283950617284e-05
0.002 0.59 0.9959255882439889 6.17283950617284e-05
0.002 0.6 0.9944569279320394 6.17283950617284e-05
0.002 0.61 0.9924395177267809 6.17283950617284e-05
0.002 0.62 0.98967140883885 6.17283950617284e-05
0.002 0.63 0.9858755761668435 6.17283950617284e-05
0.002 0.64 0.9806722168955646 6.17283950617284e-05
0.002 0.65 0.9735407713759703 6.17283950617284e-05
0.002 0.66 0.9637678683588093 6.17283950617284e-05
0.002 0.67 0.9503759890883645 6.17283950617284e-05
0.002 0.68 0.9320257166482013 6.17283950617284e-05
0.002 0.6900000000000001 0.9068817954760029 6.17283950617284e-05
0.002 0.7000000000000001 0.8724296069818822 6.17283950617284e-05
0.002 0.71 0.8252237088157873 6.17283950617284e-05
0.002 0.72 0.7605432916957525 6.17283950617284e-05
0.002 0.73 0.6719200994664309 6.17283950617284e-05
0.002 0.74 0.5504916043822623 6.17283950617284e-05
0.002 0.75 0.384114755134162 6.17283950617284e-05
0.002 0.76 0.1561516724152366 6.17283950617284e-05
0.002 0.77 0.8438058615772228 6.17283950617284e-05
0.002 0.78 0.615842563640757 6.17283950617284e-05
0.002 0.79 0.44946527976020756 6.17283950617284e-05
0.002 0.8 0.32803612159140205 6.17283950617284e-05
0.002 0.81 0.23941202260282904 6.17283950617284e-05
0.002 0.8200000000000001 0.17473043146698963 6.17283950617284e-05
0.002 0.8300000000000001 0.12752305687809173 6.17283950617284e-05
0.002 0.84 0.09306903828614548 6.17283950617284e-05
0.002 0.85 0.0679228596301095 6.17283950617284e-05
0.002 0.86 0.0495697974533141 6.17283950617284e-05
0.002 0.87 0.03617444822300679 6.17283950617284e-05
0.002 0.88 0.026397187596409615 6.17283950617284e-05
0.002 0.89 0.019260207570216813 6.17283950617284e-05
0.002 0.9 0.01404973523847721 6.17283950617284e-05
0.002 0.91 0.010244655044126767 6.17283950617284e-05
0.002 0.92 0.007464396758127293 6.17283950617284e-05
0.002 0.93 0.005430877992127751 6.17283950617284e-05
0.002 0.9400000000000001 0.003940695503023268 6.17283950617284e-05
0.002 0.9500000000000001 0.0028447844260208787 6.17283950617284e-05
0.002 0.96 0.002033511364682763 6.17283950617284e-05
0.002 0.97 0.0014257106511208566 6.17283950617284e-05
0.002 0.98 0.0009605674055553828 6.17283950617284e-05
0.002 0.99 0.0005915357034493767 6.17283950617284e-05
0.002 1.0 0.000281683668309227 6.17283950617284e-05
0.002 1.01 0.0 6.17283950617284e-05
0.002 1.02 0.0 6.17283950617284e-05
0.004 0.0 0.0 6.17283950617284e-05
0.004 0.01 0.0 6.17283950617284e-05
0.004 0.02 0.00027861817993304276 6.17283950617284e-05
0.004 0.03 0.0005856713811345482 6.17283950617284e-05
0.004 0.04 0.000952127843081511 6.17283950617284e-05
0.004 0.05 0.0014148852774322792 6.17283950617284e-05
0.004 0.06 0.002020464283511739 6.17283950617284e-05
0.004 0.07 0.002829663008462429 6.17283950617284e-05
0.004 0.08 0.003923638959565963 6.17283950617284e-05
0.004 0.09 0.005412026221746436 6.17283950617284e-05
0.004 0.1 0.007443899868398103 6.17283950617284e-05
0.004 0.11 0.010222684068320071 6.17283950617284e-05
0.004 0.12 0.01402649475686162 6.17283950617284e-05
0.004 0.13 0.019235951191836277 6.17283950617284e-05
0.004 0.14 0.026372237599516644 6.17283950617284e-05
0.004 0.15 0.03614922112147169 6.17283950617284e-05
0.004 0.16 0.04954483789962734 6.17283950617284e-05
0.004 0.17 0.06789888594732088 6.17283950617284e-05
0.004 0.18 0.09304700412926906 6.17283950617284e-05
0.004 0.19 0.12750423518076254 6.17283950617284e-05
0.004 0.2 0.17471652909675267 6.17283950617284e-05
0.004 0.21 0.23940533725484814 6.17283950617284e-05
0.004 0.22 0.328039756705932 6.17283950617284e-05
0.004 0.23 0.4494834388447989 6.17283950617284e-05
0.004 0.24 0.6158801954606172 6.17283950617284e-05
0.004 0.25 0.8426398123922465 6.17283950617284e-05
0.004 0.26 0.15724215126227642 6.17283950617284e-05
0.004 0.27 0.3840018813762067 6.17283950617284e-05
0.004 0.28 0.5503988571341394 6.17283950617284e-05
0.004 0.29 0.6718428491369102 6.17283950617284e-05
0.004 0.3 0.7604776456184371 6.17283950617284e-05
0.004 0.31 0.8251668628525193 6.17283950617284e-05
0.004 0.32 0.8723795491875463 6.17283950617284e-05
0.004 0.33 0.9068370893088396 6.17283950617284e-05
0.004 0.34 0.9319853426368135 6.17283950617284e-05
0.004 0.35000000000000003 0.950339229223022 6.17283950617284e-05
0.004 0.36 0.9637342217223139 6.17283950617284e-05
0.004 0.37 0.9735098926279055 6.17283950617284e-05
0.004 0.38 0.9806438714836432 6.17283950617284e-05
0.004 0.39 0.9858496077869492 6.17283950617284e-05
0.004 0.4 0.9896477158668688 6.17283950617284e-05
0.004 0.41000000000000003 0.9924180362212394 6.17283950617284e-05
0.004 0.42 0.9944376194451852 6.17283950617284e-05
0.004 0.43 0.9959084311446013 6.17283950617284e-05
0.004 0.44 0.996977548329165 6.17283950617284e-05
0.004 0.45 0.9977518669295955 6.17283950617284e-05
0.004 0.46 0.9983087911983903 6.17283950617284e-05
0.004 0.47000000000000003 0.998703973943454 6.17283950617284e-05
0.004 0.48 0.9989768816288015 6.17283950617284e-05
0.004 0.49 0.9991547408643809 6.17283950617284e-05
0.004 0.5 0.9992552609466252 6.17283950617284e-05
0.004 0.51 0.9992884047166865 6.17283950617284e-05
0.004 0.52 0.9992573848348199 6.17283950617284e-05
0.004 0.53 0.9991589851102891 6.17283950617284e-05
0.004 0.54 0.9989832390305613 6.17283950617284e-05
0.004 0.55 0.998712433351894 6.17283950617284e-05
0.004 0.56 0.9983193371176082 6.17283950617284e-05
0.004 0.5700000000000001 0.9977644790108264 6.17283950617284e-05
0.004 0.58 0.996992200779409 6.17283950617284e-05
0.004 0.59 0.9959250920753672 6.17283950617284e-05
0.004 0.6 0.9944562501897485 6.17283950617284e-05
0.004 0.61 0.9924385906508277 6.17283950617284e-05
0.004 0.62 0.9896701397371606 6.17283950617284e-05
0.004 0.63 0.9858738381461384 6.17283950617284e-05
0.004 0.64 0.9806698361720965 6.17283950617284e-05
0.004 0.65 0.9735375098971959 6.17283950617284e-05
0.004 0.66 0.9637633999981587 6.17283950617284e-05
0.004 0.67 0.9503698670325884 6.17283950617284e-05
0.004 0.68 0.9320173287160274 6.17283950617284e-05
0.004 0.6900000000000001 0.906870302899969 6.17283950617284e-05
0.004 0.7000000000000001 0.8724138605315307 6.17283950617284e-05
0.004 0.71 0.8252021338745417 6.17283950617284e-05
0.004 0.72 0.760513730799165 6.17283950617284e-05
0.004 0.73 0.6718795965556289 6.17283950617284e-05
0.004 0.74 0.5504361094322816 6.17283950617284e-05
0.004 0.75 0.38403947773555913 6.17283950617284e-05
0.004 0.76 0.1572799281729938 6.17283950617284e-05
0.004 0.77 0.8426776053710767 6.17283950617284e-05
0.004 0.78 0.6159178405675203 6.17283950617284e-05
0.004 0.79 0.4495207741895464 6.17283950617284e-05
0.004 0.8 0.3280766241343779 6.17283950617284e-05
0.004 0.81 0.2394415830573588 6.17283950617284e-05
0.004 0.8200000000000001 0.17475200588964068 6.17283950617284e-05
0.004 0.8300000000000001 0.12753880272236467 6.17283950617284e-05
0.004 0.84 0.09308053014744172 6.17283950617284e-05
0.004 0.85 0.0679312467051891 6.17283950617284e-05
0.004 0.86 0.04957591845990211 6.17283950617284e-05
0.004 0.87 0.03617891527150921 6.17283950617284e-05
0.004 0.88 0.026400447400910007 6.17283950617284e-05
0.004 0.89 0.019262586119853167 6.17283950617284e-05
0.004 0.9 0.014051470396335853 6.17283950617284e-05
0.004 0.91 0.010245920333542009 6.17283950617284e-05
0.004 0.92 0.007465318715015744 6.17283950617284e-05
0.004 0.93 0.005431548818589645 6.17283950617284e-05
0.004 0.9400000000000001 0.0039411822875697455 6.17283950617284e-05
0.004 0.9500000000000001 0.002845135852448738 6.17283950617284e-05
0.004 0.96 0.002033762580482926 6.17283950617284e-05
0.004 0.97 0.0014258867822601832 6.17283950617284e-05
0.004 0.98 0.0009606860691088695 6.17283950617284e-05
0.004 0.99 0.0005916087692788548 6.17283950617284e-05
0.004 1.0 0.0002817184462373968 6.17283950617284e-05
0.004 1.01 0.0 6.17283950617284e-05
0.004 1.02 0.0 6.17283950617284e-05
0.006 0.0 0.0 6.17283950617284e-05
0.006 0.01 0.0 6.17283950617284e-05
0.006 0.02 0.00027865328649660803 6.17283950617284e-05
0.006 0.03 0.0005857447225382101 6.17283950617284e-05
0.006 0.04 0.0009522467398406871 6.17283950617284e-05
0.006 0.05 0.00141506161032082 6.17283950617284e-05
0.006 0.06 0.0020207156801269966 6.17283950617284e-05
0.006 0.07 0.002830014605240608 6.17283950617284e-05
0.006 0.08 0.00392412591477039 6.17283950617284e-05
0.006 0.09 0.005412697230720501 6.17283950617284e-05
0.006 0.1 0.007444822032602394 6.17283950617284e-05
0.006 0.11 0.010223949605052091 6.17283950617284e-05
0.006 0.12 0.014028230220625174 6.17283950617284e-05
0.006 0.13 0.019238330129492894 6.17283950617284e-05
0.006 0.14 0.026375497904729744 6.17283950617284e-05
0.006 0.15 0.03615368882388363 6.17283950617284e-05
0.006 0.16 0.04955095976768292 6.17283950617284e-05
0.006 0.17 0.06790727416501516 6.17283950617284e-05
0.006 0.18 0.09305849751449027 6.17283950617284e-05
0.006 0.19 0.12751998306705964 6.17283950617284e-05
0.006 0.2 0.1747381062667001 6.17283950617284e-05
0.006 0.21 0.23943490141833917 6.17283950617284e-05
0.006 0.22 0.3280802642700732 6.17283950617284e-05
0.006 0.23 0.4495389384547487 6.17283950617284e-05
0.006 0.24 0.6159539667806826 6.17283950617284e-05
0.006 0.25 0.8415158191734182 6.17283950617284e-05
0.006 0.26 0.1583661443340269 6.17283950617284e-05
0.006 0.27 0.3839281099184154 6.17283950617284e-05
0.006 0.28 0.550343357405014 6.17283950617284e-05
0.006 0.29 0.6718023412534249 6.17283950617284e-05
0.006 0.3 0.7604480811370756 6.17283950617284e-05
0.006 0.31 0.825145285337713 6.17283950617284e-05
0.006 0.32 0.8723638008982384 6.17283950617284e-05
0.006 0.33 0.9068255954264348 6.17283950617284e-05
0.006 0.34 0.9319769537833502 6.17283950617284e-05
0.006 0.35000000000000003 0.9503331065233918 6.17283950617284e-05
0.006 0.36 0.9637297529167543 6.17283950617284e-05
0.006 0.37 0.9735066308460154 6.17283950617284e-05
0.006 0.38 0.9806414905573245 6.17283950617284e-05
0.006 0.39 0.9858478696335728 6.17283950617284e-05
0.006 0.4 0.9896464466809819 6.17283950617284e-05
0.006 0.41000000000000003 0.9924171090939873 6.17283950617284e-05
0.006 0.42 0.9944369416733977 6.17283950617284e-05
0.006 0.43 0.995907934960447 6.17283950617284e-05
0.006 0.44 0.9969771841233495 6.17283950617284e-05
0.006 0.45 0.9977515982904201 6.17283950617284e-05
0.006 0.46 0.9983085912705848 6.17283950617284e-05
0.006 0.47000000000000003 0.9987038227426621 6.17283950617284e-05
0.006 0.48 0.9989767640431755 6.17283950617284e-05
0.006 0.49 0.9991546451434408 6.17283950617284e-05
0.006 0.5 0.9992551775262715 6.17283950617284e-05
0.006 0.51 0.9992883252628662 6.17283950617284e-05
0.006 0.52 0.999257301410212 6.17283950617284e-05
0.006 0.53 0.9991588893806778 6.17283950617284e-05
0.006 0.54 0.9989831214315281 6.17283950617284e-05
0.006 0.55 0.9987122821325018 6.17283950617284e-05
0.006 0.56 0.9983191371654383 6.17283950617284e-05
0.006 0.5700000000000001 0.997764210340868 6.17283950617284e-05
0.006 0.58 0.9969918365356942 6.17283950617284e-05
0.006 0.59 0.9959245958455026 6.17283950617284e-05
0.006 0.6 0.9944555723637982 6.17283950617284e-05
0.006 0.61 0.9924376634604333 6.17283950617284e-05
0.006 0.62 0.9896688704788039 6.17283950617284e-05
0.006 0.63 0.9858720999108732 6.17283950617284e-05
0.006 0.64 0.9806674551547199 6.17283950617284e-05
0.006 0.65 0.9735342480157734 6.17283950617284e-05
0.006 0.66 0.9637589310858555 6.17283950617284e-05
0.006 0.67 0.9503637442209903 6.17283950617284e-05
0.006 0.68 0.9320089397482794 6.17283950617284e-05
0.006 0.6900000000000001 0.9068588089050513 6.17283950617284e-05
0.006 0.7000000000000001 0.8723981121370976 6.17283950617284e-05
0.006 0.71 0.8251805562696082 6.17283950617284e-05
0.006 0.72 0.7604841662529147 6.17283950617284e-05
0.006 0.73 0.6718390886453763 6.17283950617284e-05
0.006 0.74 0.5503806095010317 6.17283950617284e-05
0.006 0.75 0.3839657061096838 6.17283950617284e-05
0.006 0.76 0.15840392109372758 6.17283950617284e-05
0.006 0.77 0.8415536120019025 6.17283950617284e-05
0.006 0.78 0.6159916117215014 6.17283950617284e-05
0.006 0.79 0.44957627360066094 6.17283950617284e-05
0.006 0.8 0.328117131676257 6.17283950617284e-05
0.006 0.81 0.23947114716156262 6.17283950617284e-05
0.006 0.8200000000000001 0.17477358297597706 6.17283950617284e-05
0.006 0.8300000000000001 0.12755455051070108 6.17283950617284e-05
0.006 0.84 0.09309202342758591 6.17283950617284e-05
0.006 0.85 0.06793963481578583 6.17283950617284e-05
0.006 0.86 0.04958204022222808 6.17283950617284e-05
0.006 0.87 0.03618338287154413 6.17283950617284e-05
0.006 0.88 0.02640370760789067 6.17283950617284e-05
0.006 0.89 0.019264964963165564 6.17283950617284e-05
0.006 0.9 0.014053205768433904 6.17283950617284e-05
0.006 0.91 0.010247185779183963 6.17283950617284e-05
0.006 0.92 0.007466240785740893 6.17283950617284e-05
0.006 0.93 0.005432219727881914 6.17283950617284e-05
0.006 0.9400000000000001 0.0039416691322233435 6.17283950617284e-05
0.006 0.9500000000000001 0.002845487322271212 6.17283950617284e-05
0.006 0.96 0.002034013827304699 6.17283950617284e-05
0.006 0.97 0.0014260629351503192 6.17283950617284e-05
0.006 0.98 0.0009608047473174117 6.17283950617284e-05
0.006 0.99 0.0005916818441333847 6.17283950617284e-05
0.006 1.0 0.00028175322849908774 6.17283950617284e-05
0.006 1.01 0.0 6.17283950617284e-05
0.006 1.02 0.0 6.17283950617284e-05
0.008 0.0 0.0 6.17283950617284e-05
0.008 0.01 0.0 6.17283950617284e-05
0.008 0.02 0.00027868839692301174 6.17283950617284e-05
0.008 0.03 0.0005858180729797673 6.17283950617284e-05
0.008 0.04 0.0009523656512683068 6.17283950617284e-05
0.008 0.05 0.0014152379649730556 6.17283950617284e-05
0.008 0.06 0.00202096710777665 6.17283950617284e-05
0.008 0.07 0.002830366245426514 6.17283950617284e-05
0.008 0.08 0.003924612930095939 6.17283950617284e-05
0.008 0.09 0.005413368322540583 6.17283950617284e-05
0.008 0.1 0.007445744310661672 6.17283950617284e-05
0.008 0.11 0.010225215298033118 6.17283950617284e-05
0.008 0.12 0.014029965898656288 6.17283950617284e-05
0.008 0.13 0.019240709360862085 6.17283950617284e-05
0.008 0.14 0.026378758612471447 6.17283950617284e-05
0.008 0.15 0.03615815707789291 6.17283950617284e-05
0.008 0.16 0.049557082391564186 6.17283950617284e-05
0.008 0.17 0.06791566341834596 6.17283950617284e-05
0.008 0.18 0.09306999231872246 6.17283950617284e-05
0.008 0.19 0.12753573289764325 6.17283950617284e-05
0.008 0.2 0.17475968610063833 6.17283950617284e-05
0.008 0.21 0.23946446923192086 6.17283950617284e-05
0.008 0.22 0.32812077683081753 6.17283950617284e-05
0.008 0.23 0.44959444118867575 6.17283950617284e-05
0.008 0.24 0.6160262412917967 6.17283950617284e-05
0.008 0.25 0.8403960711824834 6.17283950617284e-05
0.008 0.26 0.15948589217791803 6.17283950617284e-05
0.008 0.27 0.3838558352696102 6.17283950617284e-05
0.008 0.28 0.550287854551385 6.17283950617284e-05
0.008 0.29 0.6717618283738511 6.17283950617284e-05
0.008 0.3 0.7604185130055742 6.17283950617284e-05
0.008 0.31 0.8251237051588662 6.17283950617284e-05
0.008 0.32 0.8723480506645915 6.17283950617284e-05
0.008 0.33 0.9068141001249581 6.17283950617284e-05
0.008 0.34 0.9319685638941755 6.17283950617284e-05
0.008 0.35000000000000003 0.9503269830678394 6.17283950617284e-05
0.008 0.36 0.9637252835594692 6.17283950617284e-05
0.008 0.37 0.9735033686614237 6.17283950617284e-05
0.008 0.38 0.9806391093370589 6.17283950617284e-05
0.008 0.39 0.9858461312656088 6.17283950617284e-05
0.008 0.4 0.9896451773384077 6.17283950617284e-05
0.008 0.41000000000000003 0.9924161818522799 6.17283950617284e-05
0.008 0.42 0.9944362638179409 6.17283950617284e-05
0.008 0.43 0.9959074387150431 6.17283950617284e-05
0.008 0.44 0.9969768198725784 6.17283950617284e-05
0.008 0.45 0.9977513296180881 6.17283950617284e-05
0.008 0.46 0.9983083913181059 6.17283950617284e-05
0.008 0.47000000000000003 0.9987036715232126 6.17283950617284e-05
0.008 0.48 0.9989766464430418 6.17283950617284e-05
0.008 0.49 0.9991545494106926 6.17283950617284e-05
0.008 0.5 0.9992550940956282 6.17283950617284e-05
0.008 0.51 0.999288245799246 6.17283950617284e-05
0.008 0.52 0.9992572179753145 6.17283950617284e-05
0.008 0.53 0.9991587936392579 6.17283950617284e-05
0.008 0.54 0.9989830038179871 6.17283950617284e-05
0.008 0.55 0.9987121308944518 6.17283950617284e-05
0.008 0.56 0.9983189371885941 6.17283950617284e-05
0.008 0.5700000000000001 0.9977639416377523 6.17283950617284e-05
0.008 0.58 0.9969914722470234 6.17283950617284e-05
0.008 0.59 0.9959240995543879 6.17283950617284e-05
0.008 0.6 0.9944548944541788 6.17283950617284e-05
0.008 0.61 0.9924367361555837 6.17283950617284e-05
0.008 0.62 0.9896676010637606 6.17283950617284e-05
0.008 0.63 0.9858703614610214 6.17283950617284e-05
0.008 0.64 0.980665073843398 6.17283950617284e-05
0.008 0.65 0.9735309857316528 6.17283950617284e-05
0.008 0.66 0.9637544616218316 6.17283950617284e-05
0.008 0.67 0.9503576206534762 6.17283950617284e-05
0.008 0.68 0.9320005497448289 6.17283950617284e-05
0.008 0.6900000000000001 0.9068473134910746 6.17283950617284e-05
0.008 0.7000000000000001 0.8723823617983426 6.17283950617284e-05
0.008 0.71 0.8251589760006579 6.17283950617284e-05
0.008 0.72 0.7604545980565547 6.17283950617284e-05
0.008 0.73 0.6717985757385062 6.17283950617284e-05
0.008 0.74 0.550325106445793 6.17283950617284e-05
0.008 0.75 0.38389343129275033 6.17283950617284e-05
0.008 0.76 0.15952366878655916 6.17283950617284e-05
0.008 0.77 0.8404338638605788 6.17283950617284e-05
0.008 0.78 0.6160638860664867 6.17283950617284e-05
0.008 0.79 0.4496317761362675 6.17283950617284e-05
0.008 0.8 0.32815764421421 6.17283950617284e-05
0.008 0.81 0.2395007149158869 6.17283950617284e-05
0.008 0.8200000000000001 0.1747951627263275 6.17283950617284e-05
0.008 0.8300000000000001 0.12757030024334104 6.17283950617284e-05
0.008 0.84 0.09310351812675326 6.17283950617284e-05
0.008 0.85 0.06794802396202754 6.17283950617284e-05
0.008 0.86 0.049588162740385314 6.17283950617284e-05
0.008 0.87 0.036187851023179646 6.17283950617284e-05
0.008 0.88 0.026406968217401294 6.17283950617284e-05
0.008 0.89 0.019267344100190265 6.17283950617284e-05
0.008 0.9 0.014054941354797814 6.17283950617284e-05
0.008 0.91 0.010248451381071916 6.17283950617284e-05
0.008 0.92 0.007467162970316796 6.17283950617284e-05
0.008 0.93 0.005432890720014787 6.17283950617284e-05
0.008 0.9400000000000001 0.003942156036991485 6.17283950617284e-05
0.008 0.9500000000000001 0.002845838835493659 6.17283950617284e-05
0.008 0.96 0.0020342651051519127 6.17283950617284e-05
0.008 0.97 0.0014262391097939506 6.17283950617284e-05
0.008 0.98 0.0009609234401828186 6.17283950617284e-05
0.008 0.99 0.0005917549280141249 6.17283950617284e-05
0.008 1.0 0.000281788015094742 6.17283950617284e-05
0.008 1.01 0.0 6.17283950617284e-05
0.008 1.02 0.0 6.17283950617284e-05
0.01 0.0 0.0 6.17283950617284e-05
0.01 0.01 0.0 6.17283950617284e-05
0.01 0.02 0.00027872351121387227 6.17283950617284e-05
0.01 0.03 0.000585891432459784 6.17283950617284e-05
0.01 0.04 0.0009524845773661781 6.17283950617284e-05
0.01 0.05 0.0014154143413916713 6.17283950617284e-05
0.01 0.06 0.002021218566464528 6.17283950617284e-05
0.01 0.07 0.002830717929025504 6.17283950617284e-05
0.01 0.08 0.003925100005550032 6.17283950617284e-05
0.01 0.09 0.005414039497216909 6.17283950617284e-05
0.01 0.1 0.007446666702589991 6.17283950617284e-05
0.01 0.11 0.010226481147282442 6.17283950617284e-05
0.01 0.12 0.014031701790981416 6.17283950617284e-05
0.01 0.13 0.019243088885980114 6.17283950617284e-05
0.01 0.14 0.026382019722791458 6.17283950617284e-05
0.01 0.15 0.036162625883567626 6.17283950617284e-05
0.01 0.16 0.04956320577136443 6.17283950617284e-05
0.01 0.17 0.06792405370744112 6.17283950617284e-05
0.01 0.18 0.09308148854214082 6.17283950617284e-05
0.01 0.19 0.1275514846727535 6.17283950617284e-05
0.01 0.2 0.17478126859889623 6.17283950617284e-05
0.01 0.21 0.23949404069603503 6.17283950617284e-05
0.01 0.22 0.3281612943830595 6.17283950617284e-05
0.01 0.23 0.4496499452048991 6.17283950617284e-05
0.01 0.24 0.6160970279116931 6.17283950617284e-05
0.01 0.25 0.8392805508864372 6.17283950617284e-05
0.01 0.26 0.1606014123269549 6.17283950617284e-05
0.01 0.27 0.3837850485120562 6.17283950617284e-05
0.01 0.28 0.5502323504149362 6.17283950617284e-05
0.01 0.29 0.6717213105032915 6.17283950617284e-05
0.01 0.3 0.7603889412234921 6.17283950617284e-05
0.01 0.31 0.8251021223156506 6.17283950617284e-05
0.01 0.32 0.8723322984863652 6.17283950617284e-05
0.01 0.33 0.9068026034042346 6.17283950617284e-05
0.01 0.34 0.9319601729691613 6.17283950617284e-05
0.01 0.35000000000000003 0.950320858856271 6.17283950617284e-05
0.01 0.36 0.9637208136503905 6.17283950617284e-05
0.01 0.37 0.9735001060740812 6.17283950617284e-05
0.01 0.38 0.98063672782281 6.17283950617284e-05
0.01 0.39 0.9858443926830306 6.17283950617284e-05
0.01 0.4 0.9896439078391268 6.17283950617284e-05
0.01 0.41000000000000003 0.992415254496103 6.17283950617284e-05
0.01 0.42 0.994435585878805 6.17283950617284e-05
0.01 0.43 0.9959069424083815 6.17283950617284e-05
0.01 0.44 0.9969764555768463 6.17283950617284e-05
0.01 0.45 0.9977510609125955 6.17283950617284e-05
0.01 0.46 0.9983081913409504 6.17283950617284e-05
0.01 0.47000000000000003 0.9987035202851031 6.17283950617284e-05
0.01 0.48 0.9989765288283989 6.17283950617284e-05
0.01 0.49 0.9991544536661344 6.17283950617284e-05
0.01 0.5 0.9992550106546941 6.17283950617284e-05
0.01 0.51 0.9992881663258248 6.17283950617284e-05
0.01 0.52 0.9992571345301262 6.17283950617284e-05
0.01 0.53 0.999158697886028 6.17283950617284e-05
0.01 0.54 0.9989828861899359 6.17283950617284e-05
0.01 0.55 0.998711979637741 6.17283950617284e-05
0.01 0.56 0.9983187371870723 6.17283950617284e-05
0.01 0.5700000000000001 0.9977636729014753 6.17283950617284e-05
0.01 0.58 0.9969911079133909 6.17283950617284e-05
0.01 0.59 0.9959236032020151 6.17283950617284e-05
0.01 0.6 0.9944542164608793 6.17283950617284e-05
0.01 0.61 0.9924358087362648 6.17283950617284e-05
0.01 0.62 0.9896663314920111 6.17283950617284e-05
0.01 0.63 0.9858686227965563 6.17283950617284e-05
0.01 0.64 0.9806626922380947 6.17283950617284e-05
0.01 0.65 0.9735277230447841 6.17283950617284e-05
0.01 0.66 0.9637499916060188 6.17283950617284e-05
0.01 0.67 0.9503514963299533 6.17283950617284e-05
0.01 0.68 0.9319921587055487 6.17283950617284e-05
0.01 0.6900000000000001 0.9068358166578637 6.17283950617284e-05
0.01 0.7000000000000001 0.8723666095150262 6.17283950617284e-05
0.01 0.71 0.8251373930673621 6.17283950617284e-05
0.01 0.72 0.7604250262096428 6.17283950617284e-05
0.01 0.73 0.6717580578401239 6.17283950617284e-05
0.01 0.74 0.5502696021082463 6.17283950617284e-05
0.01 0.75 0.38382264436702485 6.17283950617284e-05
0.01 0.76 0.16063918878449374 6.17283950617284e-05
0.01 0.77 0.8393183434141007 6.17283950617284e-05
0.01 0.78 0.6161346725202113 6.17283950617284e-05
0.01 0.79 0.44968727995468216 6.17283950617284e-05
0.01 0.8 0.3281981617431343 6.17283950617284e-05
0.01 0.81 0.23953028632077228 6.17283950617284e-05
0.01 0.8200000000000001 0.17481674514102105 6.17283950617284e-05
0.01 0.8300000000000001 0.12758605192052458 6.17283950617284e-05
0.01 0.84 0.09311501424511896 6.17283950617284e-05
0.01 0.85 0.0679564141440421 6.17283950617284e-05
0.01 0.86 0.04959428601446712 6.17283950617284e-05
0.01 0.87 0.03619231972648386 6.17283950617284e-05
0.01 0.88 0.026410229229491586 6.17283950617284e-05
0.01 0.89 0.019269723530963526 6.17283950617284e-05
0.01 0.9 0.014056677155454032 6.17283950617284e-05
0.01 0.91 0.010249717139225154 6.17283950617284e-05
0.01 0.92 0.007468085268757506 6.17283950617284e-05
0.01 0.93 0.005433561794998489 6.17283950617284e-05
0.01 0.9400000000000001 0.003942643001881593 6.17283950617284e-05
0.01 0.9500000000000001 0.002846190392121437 6.17283950617284e-05
0.01 0.96 0.002034516414028396 6.17283950617284e-05
0.01 0.97 0.0014264153061937627 6.17283950617284e-05
0.01 0.98 0.0009610421477069005 6.17283950617284e-05
0.01 0.99 0.000591828020922234 6.17283950617284e-05
0.01 1.0 0.00028182280602480206 6.17283950617284e-05
0.01 1.01 0.0 6.17283950617284e-05
0.01 1.02 0.0 6.17283950617284e-05
0.0 0.0 0.0 1.0
0.0 0.01 0.0 1.0
0.0 0.02 0.0 1.0
0.0 0.03 0.0 1.0
0.0 0.04 0.0 1.0
0.0 0.05 0.0 1.0
0.0 0.06 0.0 1.0
0.0 0.07 0.0 1.0
0.0 0.08 0.0 1.0
0.0 0.09 0.0 1.0
0.0 0.1 0.0 1.0
0.0 0.11 0.0 1.0
0.0 0.12 0.0 1.0
0.0 0.13 0.0 1.0
0.0 0.14 0.0 1.0
0.0 0.15 0.0 1.0
0.0 0.16 0.0 1.0
0.0 0.17 0.0 1.0
0.0 0.18 0.0 1.0
0.0 0.19 0.0 1.0
0.0 0.2 0.0 1.0
0.0 0.21 0.0 1.0
0.0 0.22 0.0 1.0
0.0 0.23 0.0 1.0
0.0 0.24 0.0 1.0
0.0 0.25 0.0 1.0
0.0 0.26 1.0 1.0
0.0 0.27 1.0 1.0
0.0 0.28 1.0 1.0
0.0 0.29 1.0 1.0
0.0 0.3 1.0 1.0
0.0 0.31 1.0 1.0
0.0 0.32 1.0 1.0
0.0 0.33 1.0 1.0
0.0 0.34 1.0 1.0
0.0 0.35000000000000003 1.0 1.0
0.0 0.36 1.0 1.0
0.0 0.37 1.0 1.0
0.0 0.38 1.0 1.0
0.0 0.39 1.0 1.0
0.0 0.4 1.0 1.0
0.0 0.41000000000000003 1.0 1.0
0.0 0.42 1.0 1.0
0.0 0.43 1.0 1.0
0.0 0.44 1.0 1.0
0.0 0.45 1.0 1.0
0.0 0.46 1.0 1.0
0.0 0.47000000000000003 1.0 1.0
0.0 0.48 1.0 1.0
0.0 0.49 1.0 1.0
0.0 0.5 1.0 1.0
0.0 0.51 1.0 1.0
0.0 0.52 1.0 1.0
0.0 0.53 1.0 1.0
0.0 0.54 1.0 1.0
0.0 0.55 1.0 1.0
0.0 0.56 1.0 1.0
0.0 0.5700000000000001 1.0 1.0
0.0 0.58 1.0 1.0
0.0 0.59 1.0 1.0
0.0 0.6 1.0 1.0
0.0 0.61 1.0 1.0
0.0 0.62 1.0 1.0
0.0 0.63 1.0 1.0
0.0 0.64 1.0 1.0
0.0 0.65 1.0 1.0
0.0 0.66 1.0 1.0
0.0 0.67 1.0 1.0
0.0 0.68 1.0 1.0
0.0 0.6900000000000001 1.0 1.0
0.0 0.7000000000000001 1.0 1.0
0.0 0.71 1.0 1.0
0.0 0.72 1.0 1.0
0.0 0.73 1.0 1.0
0.0 0.74 1.0 1.0
0.0 0.75 1.0 1.0
0.0 0.76 1.0 1.0
0.0 0.77 0.0 1.0
0.0 0.78 0.0 1.0
0.0 0.79 0.0 1.0
0.0 0.8 0.0 1.0
0.0 0.81 0.0 1.0
0.0 0.8200000000000001 0.0 1.0
0.0 0.8300000000000001 0.0 1.0
0.0 0.84 0.0 1.0
0.0 0.85 0.0 1.0
0.0 0.86 0.0 1.0
0.0 0.87 0.0 1.0
0.0 0.88 0.0 1.0
0.0 0.89 0.0 1.0
0.0 0.9 0.0 1.0
0.0 0.91 0.0 1.0
0.0 0.92 0.0 1.0
0.0 0.93 0.0 1.0
0.0 0.9400000000000001 0.0 1.0
0.0 0.9500000000000001 0.0 1.0
0.0 0.96 0.0 1.0
0.0 0.97 0.0 1.0
0.0 0.98 0.0 1.0
0.0 0.99 0.0 1.0
0.0 1.0 0.0 1.0
0.0 1.01 0.0 1.0
0.0 1.02 0.0 1.0
0.002 0.0 0.0 6.17283950617284e-05
0.002 0.01 0.0 6.17283950617284e-05
0.002 0.02 0.00027858307723069417 6.17283950617284e-05
0.002 0.03 0.0005855980487682211 6.17283950617284e-05
0.002 0.04 0.0009520089609889702 6.17283950617284e-05
0.002 0.05 0.0014147089663047478 6.17283950617284e-05
0.002 0.06 0.0020202129179270464 6.17283950617284e-05
0.002 0.07 0.0028293114550866187 6.17283950617284e-05
0.002 0.08 0.003923152064475237 6.17283950617284e-05
0.002 0.09 0.00541135529560816 6.17283950617284e-05
0.002 0.1 0.007442977818034741 6.17283950617284e-05
0.002 0.11 0.010221418687817774 6.17283950617284e-05
0.002 0.12 0.014024759507339179 6.17283950617284e-05
0.002 0.13 0.01923357254785598 6.17283950617284e-05
0.002 0.14 0.026368977696782474 6.17283950617284e-05
0.002 0.15 0.036144753970588986 6.17283950617284e-05
0.002 0.16 0.04953871678730413 6.17283950617284e-05
0.002 0.17 0.06789049876513523 6.17283950617284e-05
0.002 0.18 0.0930355121628836 6.17283950617284e-05
0.002 0.19 0.12748848923851192 6.17283950617284e-05
0.002 0.2 0.1746949545904671 6.17283950617284e-05
0.002 0.21 0.2393757767410004 6.17283950617284e-05
0.002 0.22 0.3279992541412263 6.17283950617284e-05
0.002 0.23 0.4494279442161071 6.17283950617284e-05
0.002 0.24 0.6158049183678147 6.17283950617284e-05
0.002 0.25 0.8437680684480894 6.17283950617284e-05
0.002 0.26 0.1561138953535453 6.17283950617284e-05
0.002 0.27 0.3840771586067707 6.17283950617284e-05
0.002 0.28 0.5504543518814777 6.17283950617284e-05
0.002 0.29 0.6718833520214773 6.17283950617284e-05
0.002 0.3 0.760507206450105 6.17283950617284e-05
0.002 0.31 0.8251884377036139 6.17283950617284e-05
0.002 0.32 0.8723952955327552 6.17283950617284e-05
0.002 0.33 0.906848581772348 6.17283950617284e-05
0.002 0.34 0.9319937304546932 6.17283950617284e-05
0.002 0.35000000000000003 0.9503453511668234 6.17283950617284e-05
0.002 0.36 0.9637386899762161 6.17283950617284e-05
0.002 0.37 0.9735131540071442 6.17283950617284e-05
0.002 0.38 0.980646252116051 6.17283950617284e-05
0.002 0.39 0.9858513457257643 6.17283950617284e-05
0.002 0.4 0.9896489848960881 6.17283950617284e-05
0.002 0.41000000000000003 0.9924189632340503 6.17283950617284e-05
0.002 0.42 0.9944382971333141 6.17283950617284e-05
0.002 0.43 0.9959089272675132 6.17283950617284e-05
0.002 0.44 0.9969779124900306 6.17283950617284e-05
0.002 0.45 0.9977521355356178 6.17283950617284e-05
0.002 0.46 0.9983089911015253 6.17283950617284e-05
0.002 0.47000000000000003 0.9987041251255901 6.17283950617284e-05
0.002 0.48 0.9989769991999216 6.17283950617284e-05
0.002 0.49 0.9991548365735143 6.17283950617284e-05
0.002 0.5 0.9992553443566908 6.17283950617284e-05
0.002 0.51 0.9992884841607086 6.17283950617284e-05
0.002 0.52 0.9992574682491393 6.17283950617284e-05
0.002 0.53 0.9991590808280936 6.17283950617284e-05
0.002 0.54 0.9989833566150879 6.17283950617284e-05
0.002 0.55 0.9987125845526297 6.17283950617284e-05
0.002 0.56 0.998319537045107 6.17283950617284e-05
0.002 0.5700000000000001 0.9977647476476312 6.17283950617284e-05
0.002 0.58 0.996992564978173 6.17283950617284e-05
0.002 0.59 0.9959255882439889 6.17283950617284e-05
0.002 0.6 0.9944569279320394 6.17283950617284e-05
0.002 0.61 0.9924395177267809 6.17283950617284e-05
0.002 0.62 0.98967140883885 6.17283950617284e-05
0.002 0.63 0.9858755761668435 6.17283950617284e-05
0.002 0.64 0.9806722168955646 6.17283950617284e-05
0.002 0.65 0.9735407713759703 6.17283950617284e-05
0.002 0.66 0.9637678683588093 6.17283950617284e-05
0.002 0.67 0.9503759890883645 6.17283950617284e-05
0.002 0.68 0.9320257166482013 6.17283950617284e-05
0.002 0.6900000000000001 0.9068817954760029 6.17283950617284e-05
0.002 0.7000000000000001 0.8724296069818822 6.17283950617284e-05
0.002 0.71 0.8252237088157873 6.17283950617284e-05
0.002 0.72 0.7605432916957525 6.17283950617284e-05
0.002 0.73 0.6719200994664309 6.17283950617284e-05
0.002 0.74 0.5504916043822623 6.17283950617284e-05
0.002 0.75 0.384114755134162 6.17283950617284e-05
0.002 0.76 0.1561516724152366 6.17283950617284e-05
0.002 0.77 0.8438058615772228 6.17283950617284e-05
0.002 0.78 0.615842563640757 6.17283950617284e-05
0.002 0.79 0.44946527976020756 6.17283950617284e-05
0.002 0.8 0.32803612159140205 6.17283950617284e-05
0.002 0.81 0.23941202260282904 6.17283950617284e-05
0.002 0.8200000000000001 0.17473043146698963 6.17283950617284e-05
0.002 0.8300000000000001 0.12752305687809173 6.17283950617284e-05
0.002 0.84 0.09306903828614548 6.17283950617284e-05
0.002 0.85 0.0679228596301095 6.17283950617284e-05
0.002 0.86 0.0495697974533141 6.17283950617284e-05
0.002 0.87 0.03617444822300679 6.17283950617284e-05
0.002 0.88 0.026397187596409615 6.17283950617284e-05
0.002 0.89 0.019260207570216813 6.17283950617284e-05
0.002 0.9 0.01404973523847721 6.17283950617284e-05
0.002 0.91 0.010244655044126767 6.17283950617284e-05
0.002 0.92 0.007464396758127293 6.17283950617284e-05
0.002 0.93 0.005430877992127751 6.17283950617284e-05
0.002 0.9400000000000001 0.003940695503023268 6.17283950617284e-05
0.002 0.9500000000000001 0.0028447844260208787 6.17283950617284e-05
0.002 0.96 0.002033511364682763 6.17283950617284e-05
0.002 0.97 0.0014257106511208566 6.17283950617284e-05
0.002 0.98 0.0009605674055553828 6.17283950617284e-05
0.002 0.99 0.0005915357034493767 6.17283950617284e-05
0.002 1.0 0.000281683668309227 6.17283950617284e-05
0.002 1.01 0.0 6.17283950617284e-05
0.002 1.02 0.0 6.17283950617284e-05
0.004 0.0 0.0 6.17283950617284e-05
0.004 0.01 0.0 6.17283950617284e-05
0.004 0.02 0.00027861817993304276 6.17283950617284e-05
0.004 0.03 0.0005856713811345482 6.17283950617284e-05
0.004 0.04 0.000952127843081511 6.17283950617284e-05
0.004 0.05 0.0014148852774322792 6.17283950617284e-05
0.004 0.06 0.002020464283511739 6.17283950617284e-05
0.004 0.07 0.002829663008462429 6.17283950617284e-05
0.004 0.08 0.003923638959565963 6.17283950617284e-05
0.004 0.09 0.005412026221746436 6.17283950617284e-05
0.004 0.1 0.007443899868398103 6.17283950617284e-05
0.004 0.11 0.010222684068320071 6.17283950617284e-05
0.004 0.12 0.01402649475686162 6.17283950617284e-05
0.004 0.13 0.019235951191836277 6.17283950617284e-05
0.004 0.14 0.026372237599516644 6.17283950617284e-05
0.004 0.15 0.03614922112147169 6.17283950617284e-05
0.004 0.16 0.04954483789962734 6.17283950617284e-05
0.004 0.17 0.06789888594732088 6.17283950617284e-05
0.004 0.18 0.09304700412926906 6.17283950617284e-05
0.004 0.19 0.12750423518076254 6.17283950617284e-05
0.004 0.2 0.17471652909675267 6.17283950617284e-05
0.004 0.21 0.23940533725484814 6.17283950617284e-05
0.004 0.22 0.328039756705932 6.17283950617284e-05
0.004 0.23 0.4494834388447989 6.17283950617284e-05
0.004 0.24 0.6158801954606172 6.17283950617284e-05
0.004 0.25 0.8426398123922465 6.17283950617284e-05
0.004 0.26 0.15724215126227642 6.17283950617284e-05
0.004 0.27 0.3840018813762067 6.17283950617284e-05
0.004 0.28 0.5503988571341394 6.17283950617284e-05
0.004 0.29 0.6718428491369102 6.17283950617284e-05
0.004 0.3 0.7604776456184371 6.17283950617284e-05
0.004 0.31 0.8251668628525193 6.17283950617284e-05
0.004 0.32 0.8723795491875463 6.17283950617284e-05
0.004 0.33 0.9068370893088396 6.17283950617284e-05
0.004 0.34 0.9319853426368135 6.17283950617284e-05
0.004 0.35000000000000003 0.950339229223022 6.17283950617284e-05
0.004 0.36 0.9637342217223139 6.17283950617284e-05
0.004 0.37 0.9735098926279055 6.17283950617284e-05
0.004 0.38 0.9806438714836432 6.17283950617284e-05
0.004 0.39 0.9858496077869492 6.17283950617284e-05
0.004 0.4 0.9896477158668688 6.17283950617284e-05
0.004 0.41000000000000003 0.9924180362212394 6.17283950617284e-05
0.004 0.42 0.9944376194451852 6.17283950617284e-05
0.004 0.43 0.9959084311446013 6.17283950617284e-05
0.004 0.44 0.996977548329165 6.17283950617284e-05
0.004 0.45 0.9977518669295955 6.17283950617284e-05
0.004 0.46 0.9983087911983903 6.17283950617284e-05
0.004 0.47000000000000003 0.998703973943454 6.17283950617284e-05
0.004 0.48 0.9989768816288015 6.17283950617284e-05
0.004 0.49 0.9991547408643809 6.17283950617284e-05
0.004 0.5 0.9992552609466252 6.17283950617284e-05
0.004 0.51 0.9992884047166865 6.17283950617284e-05
0.004 0.52 0.9992573848348199 6.17283950617284e-05
0.004 0.53 0.9991589851102891 6.17283950617284e-05
0.004 0.54 0.9989832390305613 6.17283950617284e-05
0.004 0.55 0.998712433351894 6.17283950617284e-05
0.004 0.56 0.9983193371176082 6.17283950617284e-05
0.004 0.5700000000000001 0.9977644790108264 6.17283950617284e-05
0.004 0.58 0.996992200779409 6.17283950617284e-05
0.004 0.59 0.9959250920753672 6.17283950617284e-05
0.004 0.6 0.9944562501897485 6.17283950617284e-05
0.004 0.61 0.9924385906508277 6.17283950617284e-05
0.004 0.62 0.9896701397371606 6.17283950617284e-05
0.004 0.63 0.9858738381461384 6.17283950617284e-05
0.004 0.64 0.9806698361720965 6.17283950617284e-05
0.004 0.65 0.9735375098971959 6.17283950617284e-05
0.004 0.66 0.9637633999981587 6.17283950617284e-05
0.004 0.67 0.9503698670325884 6.17283950617284e-05
0.004 0.68 0.9320173287160274 6.17283950617284e-05
0.004 0.6900000000000001 0.906870302899969 6.17283950617284e-05
0.004 0.7000000000000001 0.8724138605315307 6.17283950617284e-05
0.004 0.71 0.8252021338745417 6.17283950617284e-05
0.004 0.72 0.760513730799165 6.17283950617284e-05
0.004 0.73 0.6718795965556289 6.17283950617284e-05
0.004 0.74 0.5504361094322816 6.17283950617284e-05
0.004 0.75 0.38403947773555913 6.17283950617284e-05
0.004 0.76 0.1572799281729938 6.17283950617284e-05
0.004 0.77 0.8426776053710767 6.17283950617284e-05
0.004 0.78 0.6159178405675203 6.17283950617284e-05
0.004 0.79 0.4495207741895464 6.17283950617284e-05
0.004 0.8 0.3280766241343779 6.17283950617284e-05
0.004 0.81 0.2394415830573588 6.17283950617284e-05
0.004 0.8200000000000001 0.17475200588964068 6.17283950617284e-05
0.004 0.8300000000000001 0.12753880272236467 6.17283950617284e-05
0.004 0.84 0.09308053014744172 6.17283950617284e-05
0.004 0.85 0.0679312467051891 6.17283950617284e-05
0.004 0.86 0.04957591845990211 6.17283950617284e-05
0.004 0.87 0.03617891527150921 6.17283950617284e-05
0.004 0.88 0.026400447400910007 6.17283950617284e-05
0.004 0.89 0.019262586119853167 6.17283950617284e-05
0.004 0.9 0.014051470396335853 6.17283950617284e-05
0.004 0.91 0.010245920333542009 6.17283950617284e-05
0.004 0.92 0.007465318715015744 6.17283950617284e-05
0.004 0.93 0.005431548818589645 6.17283950617284e-05
0.004 0.9400000000000001 0.0039411822875697455 6.17283950617284e-05
0.004 0.9500000000000001 0.002845135852448738 6.17283950617284e-05
0.004 0.96 0.002033762580482926 6.17283950617284e-05
0.004 0.97 0.0014258867822601832 6.17283950617284e-05
0.004 0.98 0.0009606860691088695 6.17283950617284e-05
0.004 0.99 0.0005916087692788548 6.17283950617284e-05
0.004 1.0 0.0002817184462373968 6.17283950617284e-05
0.004 1.01 0.0 6.17283950617284e-05
0.004 1.02 0.0 6.17283950617284e-05
0.006 0.0 0.0 6.17283950617284e-05
0.006 0.01 0.0 6.17283950617284e-05
0.006 0.02 0.00027865328649660803 6.17283950617284e-05
0.006 0.03 0.0005857447225382101 6.17283950617284e-05
0.006 0.04 0.0009522467398406871 6.17283950617284e-05
0.006 0.05 0.00141506161032082 6.17283950617284e-05
0.006 0.06 0.0020207156801269966 6.17283950617284e-05
0.006 0.07 0.002830014605240608 6.17283950617284e-05
0.006 0.08 0.00392412591477039 6.17283950617284e-05
0.006 0.09 0.005412697230720501 6.17283950617284e-05
0.006 0.1 0.007444822032602394 6.17283950617284e-05
0.006 0.11 0.010223949605052091 6.17283950617284e-05
0.006 0.12 0.014028230220625174 6.17283950617284e-05
0.006 0.13 0.019238330129492894 6.17283950617284e-05
0.006 0.14 0.026375497904729744 6.17283950617284e-05
0.006 0.15 0.03615368882388363 6.17283950617284e-05
0.006 0.16 0.04955095976768292 6.17283950617284e-05
0.006 0.17 0.06790727416501516 6.17283950617284e-05
0.006 0.18 0.09305849751449027 6.17283950617284e-05
0.006 0.19 0.12751998306705964 6.17283950617284e-05
0.006 0.2 0.1747381062667001 6.17283950617284e-05
0.006 0.21 0.23943490141833917 6.17283950617284e-05
0.006 0.22 0.3280802642700732 6.17283950617284e-05
0.006 0.23 0.4495389384547487 6.17283950617284e-05
0.006 0.24 0.6159539667806826 6.17283950617284e-05
0.006 0.25 0.8415158191734182 6.17283950617284e-05
0.006 0.26 0.1583661443340269 6.17283950617284e-05
0.006 0.27 0.3839281099184154 6.17283950617284e-05
0.006 0.28 0.550343357405014 6.17283950617284e-05
0.006 0.29 0.6718023412534249 6.17283950617284e-05
0.006 0.3 0.7604480811370756 6.17283950617284e-05
0.006 0.31 0.825145285337713 6.17283950617284e-05
0.006 0.32 0.8723638008982384 6.17283950617284e-05
0.006 0.33 0.9068255954264348 6.17283950617284e-05
0.006 0.34 0.9319769537833502 6.17283950617284e-05
0.006 0.35000000000000003 0.9503331065233918 6.17283950617284e-05
0.006 0.36 0.9637297529167543 6.17283950617284e-05
0.006 0.37 0.9735066308460154 6.17283950617284e-05
0.006 0.38 0.9806414905573245 6.17283950617284e-05
0.006 0.39 0.9858478696335728 6.17283950617284e-05
0.006 0.4 0.9896464466809819 6.17283950617284e-05
0.006 0.41000000000000003 0.9924171090939873 6.17283950617284e-05
0.006 0.42 0.9944369416733977 6.17283950617284e-05
0.006 0.43 0.995907934960447 6.17283950617284e-05
0.006 0.44 0.9969771841233495 6.17283950617284e-05
0.006 0.45 0.9977515982904201 6.17283950617284e-05
0.006 0.46 0.9983085912705848 6.17283950617284e-05
0.006 0.47000000000000003 0.9987038227426621 6.17283950617284e-05
0.006 0.48 0.9989767640431755 6.17283950617284e-05
0.006 0.49 0.9991546451434408 6.17283950617284e-05
0.006 0.5 0.9992551775262715 6.17283950617284e-05
0.006 0.51 0.9992883252628662 6.17283950617284e-05
0.006 0.52 0.999257301410212 6.17283950617284e-05
0.006 0.53 0.9991588893806778 6.17283950617284e-05
0.006 0.54 0.9989831214315281 6.17283950617284e-05
0.006 0.55 0.9987122821325018 6.17283950617284e-05
0.006 0.56 0.9983191371654383 6.17283950617284e-05
0.006 0.5700000000000001 0.997764210340868 6.17283950617284e-05
0.006 0.58 0.9969918365356942 6.17283950617284e-05
0.006 0.59 0.9959245958455026 6.17283950617284e-05
0.006 0.6 0.9944555723637982 6.17283950617284e-05
0.006 0.61 0.9924376634604333 6.17283950617284e-05
0.006 0.62 0.9896688704788039 6.17283950617284e-05
0.006 0.63 0.9858720999108732 6.17283950617284e-05
0.006 0.64 0.9806674551547199 6.17283950617284e-05
0.006 0.65 0.9735342480157734 6.17283950617284e-05
0.006 0.66 0.9637589310858555 6.17283950617284e-05
0.006 0.67 0.9503637442209903 6.17283950617284e-05
0.006 0.68 0.9320089397482794 6.17283950617284e-05
0.006 0.6900000000000001 0.9068588089050513 6.17283950617284e-05
0.006 0.7000000000000001 0.8723981121370976 6.17283950617284e-05
0.006 0.71 0.8251805562696082 6.17283950617284e-05
0.006 0.72 0.7604841662529147 6.17283950617284e-05
0.006 0.73 0.6718390886453763 6.17283950617284e-05
0.006 0.74 0.5503806095010317 6.17283950617284e-05
0.006 0.75 0.3839657061096838 6.17283950617284e-05
0.006 0.76 0.15840392109372758 6.17283950617284e-05
0.006 0.77 0.8415536120019025 6.17283950617284e-05
0.006 0.78 0.6159916117215014 6.17283950617284e-05
0.006 0.79 0.44957627360066094 6.17283950617284e-05
0.006 0.8 0.328117131676257 6.17283950617284e-05
0.006 0.81 0.23947114716156262 6.17283950617284e-05
0.006 0.8200000000000001 0.17477358297597706 6.17283950617284e-05
0.006 0.8300000000000001 0.12755455051070108 6.17283950617284e-05
0.006 0.84 0.09309202342758591 6.17283950617284e-05
0.006 0.85 0.06793963481578583 6.17283950617284e-05
0.006 0.86 0.04958204022222808 6.17283950617284e-05
0.006 0.87 0.03618338287154413 6.17283950617284e-05
0.006 0.88 0.02640370760789067 6.17283950617284e-05
0.006 0.89 0.019264964963165564 6.17283950617284e-05
0.006 0.9 0.014053205768433904 6.17283950617284e-05
0.006 0.91 0.010247185779183963 6.17283950617284e-05
0.006 0.92 0.007466240785740893 6.17283950617284e-05
0.006 0.93 0.005432219727881914 6.17283950617284e-05
0.006 0.9400000000000001 0.0039416691322233435 6.17283950617284e-05
0.006 0.9500000000000001 0.002845487322271212 6.17283950617284e-05
0.006 0.96 0.002034013827304699 6.17283950617284e-05
0.006 0.97 0.0014260629351503192 6.17283950617284e-05
0.006 0.98 0.0009608047473174117 6.17283950617284e-05
0.006 0.99 0.0005916818441333847 6.17283950617284e-05
0.006 1.0 0.00028175322849908774 6.17283950617284e-05
0.006 1.01 0.0 6.17283950617284e-05
0.006 1.02 0.0 6.17283950617284e-05
0.008 0.0 0.0 6.17283950617284e-05
0.008 0.01 0.0 6.17283950617284e-05
0.008 0.02 0.00027868839692301174 6.17283950617284e-05
0.008 0.03 0.0005858180729797673 6.17283950617284e-05
0.008 0.04 0.0009523656512683068 6.17283950617284e-05
0.008 0.05 0.0014152379649730556 6.17283950617284e-05
0.008 0.06 0.00202096710777665 6.17283950617284e-05
0.008 0.07 0.002830366245426514 6.17283950617284e-05
0.008 0.08 0.003924612930095939 6.17283950617284e-05
0.008 0.09 0.005413368322540583 6.17283950617284e-05
0.008 0.1 0.007445744310661672 6.17283950617284e-05
0.008 0.11 0.010225215298033118 6.17283950617284e-05
0.008 0.12 0.014029965898656288 6.17283950617284e-05
0.008 0.13 0.019240709360862085 6.17283950617284e-05
0.008 0.14 0.026378758612471447 6.17283950617284e-05
0.008 0.15 0.03615815707789291 6.17283950617284e-05
0.008 0.16 0.049557082391564186 6.17283950617284e-05
0.008 0.17 0.06791566341834596 6.17283950617284e-05
0.008 0.18 0.09306999231872246 6.17283950617284e-05
0.008 0.19 0.12753573289764325 6.17283950617284e-05
0.008 0.2 0.17475968610063833 6.17283950617284e-05
0.008 0.21 0.23946446923192086 6.17283950617284e-05
0.008 0.22 0.32812077683081753 6.17283950617284e-05
0.008 0.23 0.44959444118867575 6.17283950617284e-05
0.008 0.24 0.6160262412917967 6.17283950617284e-05
0.008 0.25 0.8403960711824834 6.17283950617284e-05
0.008 0.26 0.15948589217791803 6.17283950617284e-05
0.008 0.27 0.3838558352696102 6.17283950617284e-05
0.008 0.28 0.550287854551385 6.17283950617284e-05
0.008 0.29 0.6717618283738511 6.17283950617284e-05
0.008 0.3 0.7604185130055742 6.17283950617284e-05
0.008 0.31 0.8251237051588662 6.17283950617284e-05
0.008 0.32 0.8723480506645915 6.17283950617284e-05
0.008 0.33 0.9068141001249581 6.17283950617284e-05
0.008 0.34 0.9319685638941755 6.17283950617284e-05
0.008 0.35000000000000003 0.9503269830678394 6.17283950617284e-05
0.008 0.36 0.9637252835594692 6.17283950617284e-05
0.008 0.37 0.9735033686614237 6.17283950617284e-05
0.008 0.38 0.9806391093370589 6.17283950617284e-05
0.008 0.39 0.9858461312656088 6.17283950617284e-05
0.008 0.4 0.9896451773384077 6.17283950617284e-05
0.008 0.41000000000000003 0.9924161818522799 6.17283950617284e-05
0.008 0.42 0.9944362638179409 6.17283950617284e-05
0.008 0.43 0.9959074387150431 6.17283950617284e-05
0.008 0.44 0.9969768198725784 6.17283950617284e-05
0.008 0.45 0.9977513296180881 6.17283950617284e-05
0.008 0.46 0.9983083913181059 6.17283950617284e-05
0.008 0.47000000000000003 0.9987036715232126 6.17283950617284e-05
0.008 0.48 0.9989766464430418 6.17283950617284e-05
0.008 0.49 0.9991545494106926 6.17283950617284e-05
0.008 0.5 0.9992550940956282 6.17283950617284e-05
0.008 0.51 0.999288245799246 6.17283950617284e-05
0.008 0.52 0.9992572179753145 6.17283950617284e-05
0.008 0.53 0.9991587936392579 6.17283950617284e-05
0.008 0.54 0.9989830038179871 6.17283950617284e-05
0.008 0.55 0.9987121308944518 6.17283950617284e-05
0.008 0.56 0.9983189371885941 6.17283950617284e-05
0.008 0.5700000000000001 0.9977639416377523 6.17283950617284e-05
0.008 0.58 0.9969914722470234 6.17283950617284e-05
0.008 0.59 0.9959240995543879 6.17283950617284e-05
0.008 0.6 0.9944548944541788 6.17283950617284e-05
0.008 0.61 0.9924367361555837 6.17283950617284e-05
0.008 0.62 0.9896676010637606 6.17283950617284e-05
0.008 0.63 0.9858703614610214 6.17283950617284e-05
0.008 0.64 0.980665073843398 6.17283950617284e-05
0.008 0.65 0.9735309857316528 6.17283950617284e-05
0.008 0.66 0.9637544616218316 6.17283950617284e-05
0.008 0.67 0.9503576206534762 6.17283950617284e-05
0.008 0.68 0.9320005497448289 6.17283950617284e-05
0.008 0.6900000000000001 0.9068473134910746 6.17283950617284e-05
0.008 0.7000000000000001 0.8723823617983426 6.17283950617284e-05
0.008 0.71 0.8251589760006579 6.17283950617284e-05
0.008 0.72 0.7604545980565547 6.17283950617284e-05
0.008 0.73 0.6717985757385062 6.17283950617284e-05
0.008 0.74 0.550325106445793 6.17283950617284e-05
0.008 0.75 0.38389343129275033 6.17283950617284e-05
0.008 0.76 0.15952366878655916 6.17283950617284e-05
0.008 0.77 0.8404338638605788 6.17283950617284e-05
0.008 0.78 0.6160638860664867 6.17283950617284e-05
0.008 0.79 0.4496317761362675 6.17283950617284e-05
0.008 0.8 0.32815764421421 6.17283950617284e-05
0.008 0.81 0.2395007149158869 6.17283950617284e-05
0.008 0.8200000000000001 0.1747951627263275 6.17283950617284e-05
0.008 0.8300000000000001 0.12757030024334104 6.17283950617284e-05
0.008 0.84 0.09310351812675326 6.17283950617284e-05
0.008 0.85 0.06794802396202754 6.17283950617284e-05
0.008 0.86 0.049588162740385314 6.17283950617284e-05
0.008 0.87 0.036187851023179646 6.17283950617284e-05
0.008 0.88 0.026406968217401294 6.17283950617284e-05
0.008 0.89 0.019267344100190265 6.17283950617284e-05
0.008 0.9 0.014054941354797814 6.17283950617284e-05
0.008 0.91 0.010248451381071916 6.17283950617284e-05
0.008 0.92 0.007467162970316796 6.17283950617284e-05
0.008 0.93 0.005432890720014787 6.17283950617284e-05
0.008 0.9400000000000001 0.003942156036991485 6.17283950617284e-05
0.008 0.9500000000000001 0.002845838835493659 6.17283950617284e-05
0.008 0.96 0.0020342651051519127 6.17283950617284e-05
0.008 0.97 0.0014262391097939506 6.17283950617284e-05
0.008 0.98 0.0009609234401828186 6.17283950617284e-05
0.008 0.99 0.0005917549280141249 6.17283950617284e-05
0.008 1.0 0.000281788015094742 6.17283950617284e-05
0.008 1.01 0.0 6.17283950617284e-05
0.008 1.02 0.0 6.17283950617284e-05
0.01 0.0 0.0 6.17283950617284e-05
0.01 0.01 0.0 6.17283950617284e-05
0.01 0.02 0.00027872351121387227 6.17283950617284e-05
0.01 0.03 0.000585891432459784 6.17283950617284e-05
0.01 0.04 0.0009524845773661781 6.17283950617284e-05
0.01 0.05 0.0014154143413916713 6.17283950617284e-05
0.01 0.06 0.002021218566464528 6.17283950617284e-05
0.01 0.07 0.002830717929025504 6.17283950617284e-05
0.01 0.08 0.003925100005550032 6.17283950617284e-05
0.01 0.09 0.005414039497216909 6.17283950617284e-05
0.01 0.1 0.007446666702589991 6.17283950617284e-05
0.01 0.11 0.010226481147282442 6.17283950617284e-05
0.01 0.12 0.014031701790981416 6.17283950617284e-05
0.01 0.13 0.019243088885980114 6.17283950617284e-05
0.01 0.14 0.026382019722791458 6.17283950617284e-05
0.01 0.15 0.036162625883567626 6.17283950617284e-05
0.01 0.16 0.04956320577136443 6.17283950617284e-05
0.01 0.17 0.06792405370744112 6.17283950617284e-05
0.01 0.18 0.09308148854214082 6.17283950617284e-05
0.01 0.19 0.1275514846727535 6.17283950617284e-05
0.01 0.2 0.17478126859889623 6.17283950617284e-05
0.01 0.21 0.23949404069603503 6.17283950617284e-05
0.01 0.22 0.3281612943830595 6.17283950617284e-05
0.01 0.23 0.4496499452048991 6.17283950617284e-05
0.01 0.24 0.6160970279116931 6.17283950617284e-05
0.01 0.25 0.8392805508864372 6.17283950617284e-05
0.01 0.26 0.1606014123269549 6.17283950617284e-05
0.01 0.27 0.3837850485120562 6.17283950617284e-05
0.01 0.28 0.5502323504149362 6.17283950617284e-05
0.01 0.29 0.6717213105032915 6.17283950617284e-05
0.01 0.3 0.7603889412234921 6.17283950617284e-05
0.01 0.31 0.8251021223156506 6.17283950617284e-05
0.01 0.32 0.8723322984863652 6.17283950617284e-05
0.01 0.33 0.9068026034042346 6.17283950617284e-05
0.01 0.34 0.9319601729691613 6.17283950617284e-05
0.01 0.35000000000000003 0.950320858856271 6.17283950617284e-05
0.01 0.36 0.9637208136503905 6.17283950617284e-05
0.01 0.37 0.9735001060740812 6.17283950617284e-05
0.01 0.38 0.98063672782281 6.17283950617284e-05
0.01 0.39 0.9858443926830306 6.17283950617284e-05
0.01 0.4 0.9896439078391268 6.17283950617284e-05
0.01 0.41000000000000003 0.992415254496103 6.17283950617284e-05
0.01 0.42 0.994435585878805 6.17283950617284e-05
0.01 0.43 0.9959069424083815 6.17283950617284e-05
0.01 0.44 0.9969764555768463 6.17283950617284e-05
0.01 0.45 0.9977510609125955 6.17283950617284e-05
0.01 0.46 0.9983081913409504 6.17283950617284e-05
0.01 0.47000000000000003 0.9987035202851031 6.17283950617284e-05
0.01 0.48 0.9989765288283989 6.17283950617284e-05
0.01 0.49 0.9991544536661344 6.17283950617284e-05
0.01 0.5 0.9992550106546941 6.17283950617284e-05
0.01 0.51 0.9992881663258248 6.17283950617284e-05
0.01 0.52 0.9992571345301262 6.17283950617284e-05
0.01 0.53 0.999158697886028 6.17283950617284e-05
0.01 0.54 0.9989828861899359 6.17283950617284e-05
0.01 0.55 0.998711979637741 6.17283950617284e-05
0.01 0.56 0.9983187371870723 6.17283950617284e-05
0.01 0.5700000000000001 0.9977636729014753 6.17283950617284e-05
0.01 0.58 0.9969911079133909 6.17283950617284e-05
0.01 0.59 0.9959236032020151 6.17283950617284e-05
0.01 0.6 0.9944542164608793 6.17283950617284e-05
0.01 0.61 0.9924358087362648 6.17283950617284e-05
0.01 0.62 0.9896663314920111 6.17283950617284e-05
0.01 0.63 0.9858686227965563 6.17283950617284e-05
0.01 0.64 0.9806626922380947 6.17283950617284e-05
0.01 0.65 0.9735277230447841 6.17283950617284e-05
0.01 0.66 0.9637499916060188 6.17283950617284e-05
0.01 0.67 0.9503514963299533 6.17283950617284e-05
0.01 0.68 0.9319921587055487 6.17283950617284e-05
0.01 0.6900000000000001 0.9068358166578637 6.17283950617284e-05
0.01 0.7000000000000001 0.8723666095150262 6.17283950617284e-05
0.01 0.71 0.8251373930673621 6.17283950617284e-05
0.01 0.72 0.7604250262096428 6.17283950617284e-05
0.01 0.73 0.6717580578401239 6.17283950617284e-05
0.01 0.74 0.5502696021082463 6.17283950617284e-05
0.01 0.75 0.38382264436702485 6.17283950617284e-05
0.01 0.76 0.16063918878449374 6.17283950617284e-05
0.01 0.77 0.8393183434141007 6.17283950617284e-05
0.01 0.78 0.6161346725202113 6.17283950617284e-05
0.01 0.79 0.44968727995468216 6.17283950617284e-05
0.01 0.8 0.3281981617431343 6.17283950617284e-05
0.01 0.81 0.23953028632077228 6.17283950617284e-05
0.01 0.8200000000000001 0.17481674514102105 6.17283950617284e-05
0.01 0.8300000000000001 0.12758605192052458 6.17283950617284e-05
0.01 0.84 0.09311501424511896 6.17283950617284e-05
0.01 0.85 0.0679564141440421 6.17283950617284e-05
0.01 0.86 0.04959428601446712 6.17283950617284e-05
0.01 0.87 0.03619231972648386 6.17283950617284e-05
0.01 0.88 0.026410229229491586 6.17283950617284e-05
0.01 0.89 0.019269723530963526 6.17283950617284e-05
0.01 0.9 0.014056677155454032 6.17283950617284e-05
0.01 0.91 0.010249717139225154 6.17283950617284e-05
0.01 0.92 0.007468085268757506 6.17283950617284e-05
0.01 0.93 0.005433561794998489 6.17283950617284e-05
0.01 0.9400000000000001 0.003942643001881593 6.17283950617284e-05
0.01 0.9500000000000001 0.002846190392121437 6.17283950617284e-05
0.01 0.96 0.002034516414028396 6.17283950617284e-05
0.01 0.97 0.0014264153061937627 6.17283950617284e-05
0.01 0.98 0.0009610421477069005 6.17283950617284e-05
0.01 0.99 0.000591828020922234 6.17283950617284e-05
0.01 1.0 0.00028182280602480206 6.17283950617284e-05
0.01 1.01 0.0 6.17283950617284e-05
0.01 1.02 0.0 6.17283950617284e-05
