0.0 0.0 0.0 1.0
0.0 0.01 0.0 1.0
0.0 0.02 0.0 1.0
0.0 0.03 0.0 1.0
0.0 0.04 0.0 1.0
0.0 0.05 0.0 1.0
0.0 0.06 0.0 1.0
0.0 0.07 0.0 1.0
0.0 0.08 0.0 1.0
0.0 0.09 0.0 1.0
0.0 0.1 0.0 1.0
0.0 0.11 0.0 1.0
0.0 0.12 0.0 1.0
0.0 0.13 0.0 1.0
0.0 0.14 0.0 1.0
0.0 0.15 0.0 1.0
0.0 0.16 0.0 1.0
0.0 0.17 0.0 1.0
0.0 0.18 0.0 1.0
0.0 0.19 0.0 1.0
0.0 0.2 0.0 1.0
0.0 0.21 0.0 1.0
0.0 0.22 0.0 1.0
0.0 0.23 0.0 1.0
0.0 0.24 0.0 1.0
0.0 0.25 1.0 1.0
0.0 0.26 1.0 1.0
0.0 0.27 1.0 1.0
0.0 0.28 1.0 1.0
0.0 0.29 1.0 1.0
0.0 0.3 1.0 1.0
0.0 0.31 1.0 1.0
0.0 0.32 1.0 1.0
0.0 0.33 1.0 1.0
0.0 0.34 1.0 1.0
0.0 0.35000000000000003 1.0 1.0
0.0 0.36 1.0 1.0
0.0 0.37 1.0 1.0
0.0 0.38 1.0 1.0
0.0 0.39 1.0 1.0
0.0 0.4 1.0 1.0
0.0 0.41000000000000003 1.0 1.0
0.0 0.42 1.0 1.0
0.0 0.43 1.0 1.0
0.0 0.44 1.0 1.0
0.0 0.45 1.0 1.0
0.0 0.46 1.0 1.0
0.0 0.47000000000000003 1.0 1.0
0.0 0.48 1.0 1.0
0.0 0.49 1.0 1.0
0.0 0.5 1.0 1.0
0.0 0.51 1.0 1.0
0.0 0.52 1.0 1.0
0.0 0.53 1.0 1.0
0.0 0.54 1.0 1.0
0.0 0.55 1.0 1.0
0.0 0.56 1.0 1.0
0.0 0.5700000000000001 1.0 1.0
0.0 0.58 1.0 1.0
0.0 0.59 1.0 1.0
0.0 0.6 1.0 1.0
0.0 0.61 1.0 1.0
0.0 0.62 1.0 1.0
0.0 0.63 1.0 1.0
0.0 0.64 1.0 1.0
0.0 0.65 1.0 1.0
0.0 0.66 1.0 1.0
0.0 0.67 1.0 1.0
0.0 0.68 1.0 1.0
0.0 0.6900000000000001 1.0 1.0
0.0 0.7000000000000001 1.0 1.0
0.0 0.71 1.0 1.0
0.0 0.72 1.0 1.0
0.0 0.73 1.0 1.0
0.0 0.74 1.0 1.0
0.0 0.75 1.0 1.0
0.0 0.76 0.0 1.0
0.0 0.77 0.0 1.0
0.0 0.78 0.0 1.0
0.0 0.79 0.0 1.0
0.0 0.8 0.0 1.0
0.0 0.81 0.0 1.0
0.0 0.8200000000000001 0.0 1.0
0.0 0.8300000000000001 0.0 1.0
0.0 0.84 0.0 1.0
0.0 0.85 0.0 1.0
0.0 0.86 0.0 1.0
0.0 0.87 0.0 1.0
0.0 0.88 0.0 1.0
0.0 0.89 0.0 1.0
0.0 0.9 0.0 1.0
0.0 0.91 0.0 1.0
0.0 0.92 0.0 1.0
0.0 0.93 0.0 1.0
0.0 0.9400000000000001 0.0 1.0
0.0 0.9500000000000001 0.0 1.0
0.0 0.96 0.0 1.0
0.0 0.97 0.0 1.0
0.0 0.98 0.0 1.0
0.0 0.99 0.0 1.0
0.0 1.0 0.0 1.0
0.002 0.0 0.0 1.0
0.002 0.01 7.261770800496545e-05 1.0
0.002 0.02 0.00017085396083046196 1.0
0.002 0.03 0.00032654011129799193 1.0
0.002 0.04 0.0005846222756339642 1.0
0.002 0.05 0.0010113559817584686 1.0
0.002 0.06 0.0017042085296176581 1.0
0.002 0.07 0.0028035652833320965 1.0
0.002 0.08 0.00450586365928726 1.0
0.002 0.09 0.007077151998783639 1.0
0.002 0.1 0.010865332584935524 1.0
0.002 0.11 0.01630860056550414 1.0
0.002 0.12 0.023936997940070807 1.0
0.002 0.13 0.03436377529175508 1.0
0.002 0.14 0.048263611888870295 1.0
0.002 0.15 0.06633585150471309 1.0
0.002 0.16 0.08925280638499872 1.0
0.002 0.17 0.11759571949347881 1.0
0.002 0.18 0.1517837986013987 1.0
0.002 0.19 0.19200430676499533 1.0
0.002 0.2 0.23815338644228268 1.0
0.002 0.21 0.2897975411896513 1.0
0.002 0.22 0.34616415439186754 1.0
0.002 0.23 0.4061661018134387 1.0
0.002 0.24 0.46846084347473926 1.0
0.002 0.25 0.5315391565252489 1.0
0.002 0.26 0.5938338981865301 1.0
0.002 0.27 0.6538358456080318 1.0
0.002 0.28 0.7102024588100229 1.0
0.002 0.29 0.7618466135566865 1.0
0.002 0.3 0.8079956932318186 1.0
0.002 0.31 0.8482162013889901 1.0
0.002 0.32 0.8824042804782231 1.0
0.002 0.33 0.9107471935336835 1.0
0.002 0.34 0.9336641482672174 1.0
0.002 0.35000000000000003 0.9517363874868006 1.0
0.002 0.36 0.965636223040073 1.0
0.002 0.37 0.9760629977091897 1.0
0.002 0.38 0.983691388358144 1.0
0.002 0.39 0.9891346398880595 1.0
0.002 0.4 0.9929227812179198 1.0
0.002 0.41000000000000003 0.9954939781639848 1.0
0.002 0.42 0.997196068950556 1.0
0.002 0.43 0.9982949656758288 1.0
0.002 0.44 0.998986823600418 1.0
0.002 0.45 0.9994114591784227 1.0
0.002 0.46 0.999665223071017 1.0
0.002 0.47000000000000003 0.9998122376527938 1.0
0.002 0.48 0.9998934836349093 1.0
0.002 0.49 0.9999336208155569 1.0
0.002 0.5 0.9999456526728595 1.0
0.002 0.51 0.9999336208155569 1.0
0.002 0.52 0.9998934836349093 1.0
0.002 0.53 0.9998122376527938 1.0
0.002 0.54 0.9996652230710168 1.0
0.002 0.55 0.9994114591784228 1.0
0.002 0.56 0.9989868236004178 1.0
0.002 0.5700000000000001 0.9982949656758289 1.0
0.002 0.58 0.997196068950556 1.0
0.002 0.59 0.9954939781639848 1.0
0.002 0.6 0.9929227812179197 1.0
0.002 0.61 0.9891346398880593 1.0
0.002 0.62 0.983691388358144 1.0
0.002 0.63 0.9760629977091899 1.0
0.002 0.64 0.9656362230400728 1.0
0.002 0.65 0.9517363874868006 1.0
0.002 0.66 0.9336641482672172 1.0
0.002 0.67 0.9107471935336834 1.0
0.002 0.68 0.882404280478223 1.0
0.002 0.6900000000000001 0.84821620138899 1.0
0.002 0.7000000000000001 0.8079956932318185 1.0
0.002 0.71 0.7618466135566869 1.0
0.002 0.72 0.7102024588100231 1.0
0.002 0.73 0.6538358456080319 1.0
0.002 0.74 0.5938338981865303 1.0
0.002 0.75 0.5315391565252491 1.0
0.002 0.76 0.46846084347473954 1.0
0.002 0.77 0.40616610181343876 1.0
0.002 0.78 0.3461641543918679 1.0
0.002 0.79 0.2897975411896513 1.0
0.002 0.8 0.23815338644228282 1.0
0.002 0.81 0.1920043067649952 1.0
0.002 0.8200000000000001 0.1517837986013985 1.0
0.002 0.8300000000000001 0.11759571949347854 1.0
0.002 0.84 0.08925280638499891 1.0
0.002 0.85 0.06633585150471316 1.0
0.002 0.86 0.04826361188887047 1.0
0.002 0.87 0.034363775291755126 1.0
0.002 0.88 0.023936997940071 1.0
0.002 0.89 0.01630860056550428 1.0
0.002 0.9 0.010865332584935808 1.0
0.002 0.91 0.007077151998783612 1.0
0.002 0.92 0.004505863659287407 1.0
0.002 0.93 0.0028035652833319287 1.0
0.002 0.9400000000000001 0.0017042085296180133 1.0
0.002 0.9500000000000001 0.0010113559817587494 1.0
0.002 0.96 0.000584622275634292 1.0
0.002 0.97 0.00032654011129788134 1.0
0.002 0.98 0.00017085396083043683 1.0
0.002 0.99 7.261770800484693e-05 1.0
0.002 1.0 -1.008304475036557e-17 1.0