0.0 0.0 0.0 1.5
0.0 0.01 -0.00020455724251535623 1.5
0.0 0.02 0.00040906401166121653 1.5
0.0 0.03 -0.0006134698464890486 1.5
0.0 0.04 0.0008177243108602636 1.5
0.0 0.05 -0.0010217770058474267 1.5
0.0 0.06 0.0012255775821200042 1.5
0.0 0.07 -0.0014290757522834555 1.5
0.0 0.08 0.0016322213032336859 1.5
0.0 0.09 -0.001834964108417925 1.5
0.0 0.1 0.002037254140055737 1.5
0.0 0.11 -0.002239041481324654 1.5
0.0 0.12 0.00244027633839869 1.5
0.0 0.13 -0.002640909052398747 1.5
0.0 0.14 0.002840890111099649 1.5
0.0 0.15 -0.0030401701603783404 1.5
0.0 0.16 0.003238700015142412 1.5
0.0 0.17 -0.0034364306694516355 1.5
0.0 0.18 0.0036333133051068786 1.5
0.0 0.19 -0.003829299297106203 1.5
0.0 0.2 0.004024340212146558 1.5
0.0 0.21 -0.004218387789066168 1.5
0.0 0.22 0.004411393861631582 1.5
0.0 0.23 -0.0046033100300620815 1.5
0.0 0.24 0.004794085320293666 1.5
0.0 0.25 0.9950162833105324 1.5
0.0 0.26 1.00517203814699 1.5
0.0 0.27 0.9946408023967515 1.5
0.0 0.28 1.0055449140973212 1.5
0.0 0.29 0.9942706190111859 1.5
0.0 0.3 1.005912314647416 1.5
0.0 0.31 0.9939060915213253 1.5
0.0 0.32 1.0062738793499015 1.5
0.0 0.33 0.9935475786929457 1.5
0.0 0.34 1.0066292519248716 1.5
0.0 0.35000000000000003 0.993195434001402 1.5
0.0 0.36 1.006978081883942 1.5
0.0 0.37 0.9928500048159298 1.5
0.0 0.38 1.0073200250871097 1.5
0.0 0.39 0.992511631948319 1.5
0.0 0.4 1.0076547441434607 1.5
0.0 0.41000000000000003 0.9921806492799117 1.5
0.0 0.42 1.0079819087672484 1.5
0.0 0.43 0.9918573834168651 1.5
0.0 0.44 1.008301196114216 1.5
0.0 0.45 0.9915421533605975 1.5
0.0 0.46 1.0086122911054365 1.5
0.0 0.47000000000000003 0.9912352701891709 1.5
0.0 0.48 1.0089148867409738 1.5
0.0 0.49 0.9909370367482695 1.5
0.0 0.5 1.009208684404352 0.5
0.0 0.51 0.990647747351248 0.5
0.0 0.52 1.0094933941581063 0.5
0.0 0.53 0.9903676874881315 0.5
0.0 0.54 1.009768735030068 0.5
0.0 0.55 0.9900971335439297 0.5
0.0 0.56 1.0100344352905206 0.5
0.0 0.5700000000000001 0.9898363525262148 0.5
0.0 0.58 1.0102902327196532 0.5
0.0 0.59 0.989585601802679 0.5
0.0 0.6 1.0105358748648354 0.5
0.0 0.61 0.9893451288492221 0.5
0.0 0.62 1.010771119287162 0.5
0.0 0.63 0.9891151710092407 0.5
0.0 0.64 1.0109957337955293 0.5
0.0 0.65 0.9888959552666806 0.5
0.0 0.66 1.011209496665547 0.5
0.0 0.67 0.988687698037136 0.5
0.0 0.68 1.011412196835276 0.5
0.0 0.6900000000000001 0.9884906049908132 0.5
0.0 0.7000000000000001 1.0116036340526406 0.5
0.0 0.71 0.9883048709579577 0.5
0.0 0.72 1.011783618862153 0.5
0.0 0.73 0.9881306802032002 0.5
0.0 0.74 1.0119519715197627 0.5
0.0 0.75 0.9879682115782287 0.5
0.0 0.76 0.012108556435076263 0.5
0.0 0.77 -0.012182375822068346 0.5
0.0 0.78 0.012253184342842083 0.5
0.0 0.79 -0.012320968150199736 0.5
0.0 0.8 0.0123857113001896 0.5
0.0 0.81 -0.012447398108746122 0.5
0.0 0.8200000000000001 0.012506013495940771 0.5
0.0 0.8300000000000001 -0.012561543078831741 0.5
0.0 0.84 0.012613973206552576 0.5
0.0 0.85 -0.012663290977216189 0.5
0.0 0.86 0.012709484247715862 0.5
0.0 0.87 -0.012752541640260047 0.5
0.0 0.88 0.012792452547260146 0.5
0.0 0.89 -0.012829207135218224 0.5
0.0 0.9 0.012862796348043708 0.5
0.0 0.91 -0.012893211909841402 0.5
0.0 0.92 0.012920446327438825 0.5
0.0 0.93 -0.012944492892580633 0.5
0.0 0.9400000000000001 0.012965345683918762 0.5
0.0 0.9500000000000001 -0.012982999568744862 0.5
0.0 0.96 0.012997450204580208 0.5
0.0 0.97 -0.013008694040539618 0.5
0.0 0.98 0.013016728318596755 0.5
0.0 0.99 -0.013021551074621482 0.5
0.0 1.0 0.013023161139429109 0.5
0.002 0.0 0.0 1.5
0.002 0.01 0.000705621541669782 1.5
0.002 0.02 0.0015169048374803899 1.5
0.002 0.03 0.00254773298370408 1.5
0.002 0.04 0.0039282025751633445 1.5
0.002 0.05 0.005812103409350622 1.5
0.002 0.06 0.008383504140837342 1.5
0.002 0.07 0.01186193883760596 1.5
0.002 0.08 0.01650556797987945 1.5
0.002 0.09 0.022611600935226125 1.5
0.002 0.1 0.030513250247271657 1.5
0.002 0.11 0.04057257308428784 1.5
0.002 0.12 0.05316876468318724 1.5
0.002 0.13 0.06868180988563914 1.5
0.002 0.14 0.08747185831170955 1.5
0.002 0.15 0.10985522892319208 1.5
0.002 0.16 0.13607851023205428 1.5
0.002 0.17 0.16629272517724397 1.5
0.002 0.18 0.20052988924471657 1.5
0.002 0.19 0.23868442752042662 1.5
0.002 0.2 0.280501773242131 1.5
0.002 0.21 0.3255760243764497 1.5
0.002 0.22 0.37335780740135677 1.5
0.002 0.23 0.4231725567582294 1.5
0.002 0.24 0.47424837219597565 1.5
0.002 0.25 0.5257515976871546 1.5
0.002 0.26 0.5768274128970743 1.5
0.002 0.27 0.6266421616506382 1.5
0.002 0.28 0.6744239433173451 1.5
0.002 0.29 0.7194981915182258 1.5
0.002 0.3 0.7613155310373487 1.5
0.002 0.31 0.7994700564244068 1.5
0.002 0.32 0.8337071941527395 1.5
0.002 0.33 0.8639213561538036 1.5
0.002 0.34 0.8901445327812801 1.5
0.002 0.35000000000000003 0.912527699800874 1.5
0.002 0.36 0.9313173587400969 1.5
0.002 0.37 0.9468296710031411 1.5
0.002 0.38 0.9594245058894258 1.5
0.002 0.39 0.9694813584036028 1.5
0.002 0.4 0.9773785831854361 1.5
0.002 0.41000000000000003 0.9834768208961238 1.5
0.002 0.42 0.98810694042272 1.5
0.002 0.43 0.991562344351985 1.5
0.002 0.44 0.9940951237288378 1.5
0.002 0.45 0.995915315421142 1.5
0.002 0.46 0.9971924059379393 1.5
0.002 0.47000000000000003 0.9980582197736917 1.5
0.002 0.48 0.9986104014716823 1.5
0.002 0.49 0.9989158207928857 1.5
0.002 0.5 0.9999999591459822 0.5
0.002 0.51 0.9999999486210488 0.5
0.002 0.52 0.9999998999832418 0.5
0.002 0.53 0.9999997392484007 0.5
0.002 0.54 0.9999992433713074 0.5
0.002 0.55 0.9999977902767404 0.5
0.002 0.56 0.9999937403246849 0.5
0.002 0.5700000000000001 0.9999830032165594 0.5
0.002 0.58 0.9999559256427769 0.5
0.002 0.59 0.9998909699196866 0.5
0.002 0.6 0.9997427487044597 0.5
0.002 0.61 0.9994210209014813 0.5
0.002 0.62 0.9987567395007196 0.5
0.002 0.63 0.9974520689238796 0.5
0.002 0.64 0.9950146233921865 0.5
0.002 0.65 0.9906829645289158 0.5
0.002 0.66 0.9833604734734661 0.5
0.002 0.67 0.97158580389259 0.5
0.002 0.68 0.9535753821031957 0.5
0.002 0.6900000000000001 0.9273703730210879 0.5
0.002 0.7000000000000001 0.8911018373673596 0.5
0.002 0.71 0.843353197640109 0.5
0.002 0.72 0.7835564914356397 0.5
0.002 0.73 0.7123238913973912 0.5
0.002 0.74 0.6316067808510182 0.5
0.002 0.75 0.5446030866845741 0.5
0.002 0.76 0.4553968835131054 0.5
0.002 0.77 0.3683931893466613 0.5
0.002 0.78 0.28767607880028834 0.5
0.002 0.79 0.21644347876204015 0.5
0.002 0.8 0.1566467725575699 0.5
0.002 0.81 0.10889813283031927 0.5
0.002 0.8200000000000001 0.07262959717659086 0.5
0.002 0.8300000000000001 0.04642458809448374 0.5
0.002 0.84 0.02841416630508955 0.5
0.002 0.85 0.01663949672421359 0.5
0.002 0.86 0.009317005668762904 0.5
0.002 0.87 0.004985346805493027 0.5
0.002 0.88 0.002547901273799364 0.5
0.002 0.89 0.0012432306969605747 0.5
0.002 0.9 0.0005789492962033521 0.5
0.002 0.91 0.0002572214932496774 0.5
0.002 0.92 0.00010900027815222463 0.5
0.002 0.93 4.404455571728265e-05 0.5
0.002 0.9400000000000001 1.6966985085320834e-05 0.5
0.002 0.9500000000000001 6.22989137238405e-06 0.5
0.002 0.96 2.180002004482541e-06 0.5
0.002 0.97 7.271666440243622e-07 0.5
0.002 0.98 2.3230845442367333e-07 0.5
0.002 0.99 7.538081659869677e-08 0.5
0.002 1.0 4.026461242032106e-08 0.5
0.004 0.0 0.0 1.5
0.004 0.01 0.005997460740834501 1.5
0.004 0.02 0.012193936368203456 1.5
0.004 0.03 0.018787575708488886 1.5
0.004 0.04 0.025974661068960382 1.5
0.004 0.05 0.03394834967667186 1.5
0.004 0.06 0.04289705415016276 1.5
0.004 0.07 0.05300238902283563 1.5
0.004 0.08 0.06443664764461421 1.5
0.004 0.09 0.07735981641135829 1.5
0.004 0.1 0.09191617867736525 1.5
0.004 0.11 0.10823060603534149 1.5
0.004 0.12 0.12640467684570014 1.5
0.004 0.13 0.1465127978824233 1.5
0.004 0.14 0.16859853182993315 1.5
0.004 0.15 0.19267134860174698 1.5
0.004 0.16 0.21870402015826315 1.5
0.004 0.17 0.2466308655929352 1.5
0.004 0.18 0.27634702561928354 1.5
0.004 0.19 0.3077089041738292 1.5
0.004 0.2 0.34053586167108574 1.5
0.004 0.21 0.3746131825112785 1.5
0.004 0.22 0.4096962725618554 1.5
0.004 0.23 0.4455159748664364 1.5
0.004 0.24 0.481784828351848 1.5
0.004 0.25 0.5182040392289005 1.5
0.004 0.26 0.5544708920240068 1.5
0.004 0.27 0.5902862997970404 1.5
0.004 0.28 0.625362183043876 1.5
0.004 0.29 0.6594283747161632 1.5
0.004 0.3 0.6922387740458685 1.5
0.004 0.31 0.7235765124964714 1.5
0.004 0.32 0.7532579481425695 1.5
0.004 0.33 0.7811353662529226 1.5
0.004 0.34 0.8070983294897317 1.5
0.004 0.35000000000000003 0.8310736865067684 1.5
0.004 0.36 0.8530243086638009 1.5
0.004 0.37 0.8729466775012676 1.5
0.004 0.38 0.890867487816132 1.5
0.004 0.39 0.906839460945614 1.5
0.004 0.4 0.920936579582706 1.5
0.004 0.41000000000000003 0.933248959546539 1.5
0.004 0.42 0.9438775667612904 1.5
0.004 0.43 0.9529289713263188 1.5
0.004 0.44 0.9605103075208926 1.5
0.004 0.45 0.966724581606339 1.5
0.004 0.46 0.9716664410193399 1.5
0.004 0.47000000000000003 0.9754184913317182 1.5
0.004 0.48 0.9780482230196785 1.5
0.004 0.49 0.979605589841351 1.5
0.004 0.5 0.9999456228722716 0.5
0.004 0.51 0.9999335910153465 0.5
0.004 0.52 0.999893453835958 0.5
0.004 0.53 0.9998122078563833 0.5
0.004 0.54 0.9996651932791866 0.5
0.004 0.55 0.9994114293944668 0.5
0.004 0.56 0.9989867938295869 0.5
0.004 0.5700000000000001 0.9982949359263018 0.5
0.004 0.58 0.9971960392347426 0.5
0.004 0.59 0.9954939485002096 0.5
0.004 0.6 0.9929227516324926 0.5
0.004 0.61 0.9891346104177025 0.5
0.004 0.62 0.9836913590526478 0.5
0.004 0.63 0.9760629686340991 0.5
0.004 0.64 0.9656361942791029 0.5
0.004 0.65 0.95173635914359 0.5
0.004 0.66 0.9336641204659902 0.5
0.004 0.67 0.9107471664183755 0.5
0.004 0.68 0.882404254209735 0.5
0.004 0.6900000000000001 0.8482161761403617 0.5
0.004 0.7000000000000001 0.8079956691813694 0.5
0.004 0.71 0.7618465908794418 0.5
0.004 0.72 0.7102024376680386 0.5
0.004 0.73 0.6538358261404581 0.5
0.004 0.74 0.5938338805004189 0.5
0.004 0.75 0.5315391406880897 0.5
0.004 0.76 0.46846082950959955 0.5
0.004 0.77 0.40616608969728624 0.5
0.004 0.78 0.34616414405730517 0.5
0.004 0.79 0.28979753252991103 0.5
0.004 0.8 0.23815337931908395 0.5
0.004 0.81 0.1920043010189004 0.5
0.004 0.8200000000000001 0.15178379406505094 0.5
0.004 0.8300000000000001 0.11759571601046555 0.5
0.004 0.84 0.08925280384327705 0.5
0.004 0.85 0.06633584990893955 0.5
0.004 0.86 0.04826361153312978 0.5
0.004 0.87 0.03436377718143408 0.5
0.004 0.88 0.023937004810962184 0.5
0.004 0.89 0.01630861929038453 0.5
0.004 0.9 0.010865379708933903 0.5
0.004 0.91 0.007077266126951392 0.5
0.004 0.92 0.0045061324186325205 0.5
0.004 0.93 0.0028041823848789812 0.5
0.004 0.9400000000000001 0.0017055911699949877 0.5
0.004 0.9500000000000001 0.0010143796020393179 0.5
0.004 0.96 0.0005910766647004194 0.5
0.004 0.97 0.0003399901021468209 0.5
0.004 0.98 0.00019821635547047557 0.5
0.004 0.99 0.00012696508573069955 0.5
0.004 1.0 0.00010539609527328764 0.5
0.006 0.0 0.0 1.5
0.006 0.01 0.011242971654964838 1.5
0.006 0.02 0.022631110211595 1.5
0.006 0.03 0.034307545562121705 1.5
0.006 0.04 0.04641134432666336 1.5
0.006 0.05 0.05907550636457883 1.5
0.006 0.06 0.07242499853302861 1.5
0.006 0.07 0.08657484355460301 1.5
0.006 0.08 0.1016282858722334 1.5
0.006 0.09 0.11767506062727752 1.5
0.006 0.1 0.13478979596438476 1.5
0.006 0.11 0.15303058229807115 1.5
0.006 0.12 0.17243774454064179 1.5
0.006 0.13 0.1930328542061344 1.5
0.006 0.14 0.2148180174629944 1.5
0.006 0.15 0.23777547240189742 1.5
0.006 0.16 0.2618675239254654 1.5
0.006 0.17 0.2870368377937715 1.5
0.006 0.18 0.3132071066457773 1.5
0.006 0.19 0.3402840905607273 1.5
0.006 0.2 0.36815702333579514 1.5
0.006 0.21 0.39670036363813455 1.5
0.006 0.22 0.4257758581046871 1.5
0.006 0.23 0.4552348719053819 1.5
0.006 0.24 0.4849209318436386 1.5
0.006 0.25 0.5146724182912743 1.5
0.006 0.26 0.5443253356193283 1.5
0.006 0.27 0.5737160866669799 1.5
0.006 0.28 0.6026841754395121 1.5
0.006 0.29 0.6310747637571776 1.5
0.006 0.3 0.6587410119603772 1.5
0.006 0.31 0.6855461408426329 1.5
0.006 0.32 0.7113651614321866 1.5
0.006 0.33 0.7360862306661387 1.5
0.006 0.34 0.75961160390302 1.5
0.006 0.35000000000000003 0.7818581690492914 1.5
0.006 0.36 0.8027575612558026 1.5
0.006 0.37 0.8222558711003424 1.5
0.006 0.38 0.840312972374623 1.5
0.006 0.39 0.8569015075593195 1.5
0.006 0.4 0.8720055793976991 1.5
0.006 0.41000000000000003 0.8856192053562842 1.5
0.006 0.42 0.8977445979762004 1.5
0.006 0.43 0.9083903380552946 1.5
0.006 0.44 0.9175695092344867 1.5
0.006 0.45 0.9252978619501793 1.5
0.006 0.46 0.9315920719850697 1.5
0.006 0.47000000000000003 0.9364681541842601 1.5
0.006 0.48 0.9399400855238896 1.5
0.006 0.49 0.9420186838737157 1.5
0.006 0.5 0.999013375665485 0.5
0.006 0.51 0.9989158207928859 0.5
0.006 0.52 0.9986104014716819 0.5
0.006 0.53 0.9980582197736919 0.5
0.006 0.54 0.9971924059379399 0.5
0.006 0.55 0.9959153154211429 0.5
0.006 0.56 0.9940951237288378 0.5
0.006 0.5700000000000001 0.9915623443519851 0.5
0.006 0.58 0.9881069404227204 0.5
0.006 0.59 0.9834768208961244 0.5
0.006 0.6 0.9773785831854365 0.5
0.006 0.61 0.969481358403604 0.5
0.006 0.62 0.9594245058894271 0.5
0.006 0.63 0.946829671003143 0.5
0.006 0.64 0.9313173587401029 0.5
0.006 0.65 0.9125276998008897 0.5
0.006 0.66 0.8901445327813219 0.5
0.006 0.67 0.8639213561539136 0.5
0.006 0.68 0.8337071941530295 0.5
0.006 0.6900000000000001 0.7994700564251574 0.5
0.006 0.7000000000000001 0.7613155310392609 0.5
0.006 0.71 0.7194981915230193 0.5
0.006 0.72 0.674423943329165 0.5
0.006 0.73 0.6266421616793144 0.5
0.006 0.74 0.5768274129655186 0.5
0.006 0.75 0.5257515978478692 0.5
0.006 0.76 0.47424837256724073 0.5
0.006 0.77 0.4231725576020039 0.5
0.006 0.78 0.3733578092879948 0.5
0.006 0.79 0.325576028526718 0.5
0.006 0.8 0.28050178222460664 0.5
0.006 0.81 0.23868444664778998 0.5
0.006 0.8200000000000001 0.2005299293185454 0.5
0.006 0.8300000000000001 0.1662928077850497 0.5
0.006 0.84 0.13607867778196112 0.5
0.006 0.85 0.10985556330218159 0.5
0.006 0.86 0.08747251493280352 0.5
0.006 0.87 0.06868307865210006 0.5
0.006 0.88 0.05317117708772668 0.5
0.006 0.89 0.04057708677114697 0.5
0.006 0.9 0.030521560946081834 0.5
0.006 0.91 0.022626659419718656 0.5
0.006 0.92 0.016532419954705092 0.5
0.006 0.93 0.011909062279911882 0.5
0.006 0.9400000000000001 0.008464895663866346 0.5
0.006 0.9500000000000001 0.005950466232724712 0.5
0.006 0.96 0.004159715695051223 0.5
0.006 0.97 0.0029290330991777564 0.5
0.006 0.98 0.00213508350331172 0.5
0.006 0.99 0.0016922167496090683 0.5
0.006 1.0 0.0015501216072366264 0.5
0.008 0.0 0.0 1.5
0.008 0.01 0.014759401336108452 1.5
0.008 0.02 0.02961070219167393 1.5
0.008 0.03 0.04464433288921376 1.5
0.008 0.04 0.059947805805803486 1.5
0.008 0.05 0.07560430737380738 1.5
0.008 0.06 0.09169135082512736 1.5
0.008 0.07 0.10827950918651276 1.5
0.008 0.08 0.12543124733708905 1.5
0.008 0.09 0.14319987099874762 1.5
0.008 0.1 0.16162860930943868 1.5
0.008 0.11 0.1807498460953446 1.5
0.008 0.12 0.20058451308372793 1.5
0.008 0.13 0.22114165606796932 1.5
0.008 0.14 0.24241818244820904 1.5
0.008 0.15 0.264398795640307 1.5
0.008 0.16 0.28705611860663643 1.5
0.008 0.17 0.3103510052681494 1.5
0.008 0.18 0.3342330348808863 1.5
0.008 0.19 0.3586411806917065 1.5
0.008 0.2 0.3835046404319335 1.5
0.008 0.21 0.40874381257890685 1.5
0.008 0.22 0.4342713989348012 1.5
0.008 0.23 0.45999361106067516 1.5
0.008 0.24 0.48581145557736 1.5
0.008 0.25 0.5116220714083677 1.5
0.008 0.26 0.5373200907820569 1.5
0.008 0.27 0.562798995298427 1.5
0.008 0.28 0.5879524386428211 1.5
0.008 0.29 0.6126755086095877 1.5
0.008 0.3 0.636865902969449 1.5
0.008 0.31 0.6604249963315513 1.5
0.008 0.32 0.6832587784435546 1.5
0.008 0.33 0.7052786482433352 1.5
0.008 0.34 0.7264020523045246 1.5
0.008 0.35000000000000003 0.7465529609679467 1.5
0.008 0.36 0.765662180272267 1.5
0.008 0.37 0.7836675026333211 1.5
0.008 0.38 0.8005137039149426 1.5
0.008 0.39 0.8161523989320617 1.5
0.008 0.4 0.8305417713869948 1.5
0.008 0.41000000000000003 0.843646197635241 1.5
0.008 0.42 0.8554357864004629 1.5
0.008 0.43 0.8658858585255134 1.5
0.008 0.44 0.87497639199887 1.5
0.008 0.45 0.8826914578025106 1.5
0.008 0.46 0.8890186715846481 1.5
0.008 0.47000000000000003 0.8939486847931394 1.5
0.008 0.48 0.8974747367632356 1.5
0.008 0.49 0.8995922864116727 1.5
0.008 0.5 0.9956619059021429 0.5
0.008 0.51 0.9954170143876067 0.5
0.008 0.52 0.9946666850840731 0.5
0.008 0.53 0.9933639719573604 0.5
0.008 0.54 0.9914307398341449 0.5
0.008 0.55 0.9887579884052361 0.5
0.008 0.56 0.9852066140644867 0.5
0.008 0.5700000000000001 0.9806088828032758 0.5
0.008 0.58 0.974770916317351 0.5
0.008 0.59 0.9674764876468143 0.5
0.008 0.6 0.958492377500475 0.5
0.008 0.61 0.9475754561651633 0.5
0.008 0.62 0.9344815305467987 0.5
0.008 0.63 0.9189758378509437 0.5
0.008 0.64 0.9008448878472951 0.5
0.008 0.65 0.8799091701859865 0.5
0.008 0.66 0.8560360708957349 0.5
0.008 0.67 0.8291522037565032 0.5
0.008 0.68 0.7992542778425878 0.5
0.008 0.6900000000000001 0.7664176090202177 0.5
0.008 0.7000000000000001 0.7308014514549684 0.5
0.008 0.71 0.6926504779851408 0.5
0.008 0.72 0.6522919687948223 0.5
0.008 0.73 0.6101285597504577 0.5
0.008 0.74 0.5666267301189869 0.5
0.008 0.75 0.5223015431907387 0.5
0.008 0.76 0.4776984590573964 0.5
0.008 0.77 0.4333732844248411 0.5
0.008 0.78 0.3898714834262824 0.5
0.008 0.79 0.34770812852697575 0.5
0.008 0.8 0.3073497157103119 0.5
0.008 0.81 0.2691989093025661 0.5
0.008 0.8200000000000001 0.23358303647502243 0.5
0.008 0.8300000000000001 0.20074684613292462 0.5
0.008 0.84 0.17084971360818116 0.5
0.008 0.85 0.14396714486937168 0.5
0.008 0.86 0.12009614283538204 0.5
0.008 0.87 0.09916376875251223 0.5
0.008 0.88 0.08103807986099124 0.5
0.008 0.89 0.06554055741456717 0.5
0.008 0.9 0.05245915364951849 0.5
0.008 0.91 0.04156117142971061 0.5
0.008 0.92 0.032605328899852286 0.5
0.008 0.93 0.025352533063745363 0.5
0.008 0.9400000000000001 0.01957506958653358 0.5
0.008 0.9500000000000001 0.015064091799107183 0.5
0.008 0.96 0.011635443830382317 0.5
0.008 0.97 0.009133969547047031 0.5
0.008 0.98 0.007436534048213308 0.5
0.008 0.99 0.0064540161417347836 0.5
0.008 1.0 0.006132521013948438 0.5
0.0 -0.01 0.0 1.0
0.0 0.0 -0.00020455724251533012 1.0
0.0 0.01 0.00040906401166139516 1.0
0.0 0.019999999999999997 -0.0006134698464888758 1.0
0.0 0.03 0.0008177243108602329 1.0
0.0 0.04 -0.0010217770058473794 1.0
0.0 0.049999999999999996 0.0012255775821200918 1.0
0.0 0.060000000000000005 -0.0014290757522834828 1.0
0.0 0.07 0.0016322213032337754 1.0
0.0 0.08 -0.0018349641084178625 1.0
0.0 0.09000000000000001 0.0020372541400557986 1.0
0.0 0.1 -0.0022390414813247086 1.0
0.0 0.11 0.0024402763383987247 1.0
0.0 0.12000000000000001 -0.002640909052398773 1.0
0.0 0.13 0.0028408901110995423 1.0
0.0 0.13999999999999999 -0.003040170160378348 1.0
0.0 0.15 0.0032387000151423333 1.0
0.0 0.16 -0.0034364306694516784 1.0
0.0 0.16999999999999998 0.0036333133051067792 1.0
0.0 0.18 -0.0038292992971063478 1.0
0.0 0.19 0.004024340212146468 1.0
0.0 0.19999999999999998 -0.004218387789066142 1.0
0.0 0.21 0.004411393861631513 1.0
0.0 0.22 -0.004603310030061993 1.0
0.0 0.22999999999999998 0.0047940853202934385 1.0
0.0 0.24 0.9950162833105322 1.0
0.0 0.25 1.0051720381469904 1.0
0.0 0.26 0.9946408023967515 1.0
0.0 0.27 1.0055449140973214 1.0
0.0 0.27999999999999997 0.994270619011186 1.0
0.0 0.29 1.0059123146474163 1.0
0.0 0.3 0.9939060915213255 1.0
0.0 0.31 1.0062738793499013 1.0
0.0 0.32 0.993547578692946 1.0
0.0 0.33 1.0066292519248718 1.0
0.0 0.34 0.993195434001402 1.0
0.0 0.35 1.006978081883942 1.0
0.0 0.36 0.99285000481593 1.0
0.0 0.37 1.0073200250871102 1.0
0.0 0.38 0.9925116319483188 1.0
0.0 0.39 1.0076547441434611 1.0
0.0 0.4 0.9921806492799115 1.0
0.0 0.41 1.007981908767248 1.0
0.0 0.42 0.9918573834168652 1.0
0.0 0.43 1.0083011961142163 1.0
0.0 0.44 0.9915421533605974 1.0
0.0 0.45 1.008612291105437 1.0
0.0 0.46 0.9912352701891709 1.0
0.0 0.47 1.008914886740974 1.0
0.0 0.48 0.9909370367482695 1.0
0.0 0.49 1.0092086844043515 1.0
0.0 0.5 0.9906477473512476 1.0
0.0 0.51 1.0094933941581057 1.0
0.0 0.52 0.9903676874881311 1.0
0.0 0.53 1.0097687350300681 1.0
0.0 0.54 0.9900971335439297 1.0
0.0 0.55 1.0100344352905208 1.0
0.0 0.56 0.9898363525262155 1.0
0.0 0.57 1.010290232719654 1.0
0.0 0.58 0.9895856018026791 1.0
0.0 0.59 1.0105358748648359 1.0
0.0 0.6 0.9893451288492221 1.0
0.0 0.61 1.0107711192871616 1.0
0.0 0.62 0.9891151710092405 1.0
0.0 0.63 1.0109957337955293 1.0
0.0 0.64 0.9888959552666806 1.0
0.0 0.65 1.0112094966655476 1.0
0.0 0.66 0.988687698037136 1.0
0.0 0.67 1.0114121968352763 1.0
0.0 0.68 0.9884906049908132 1.0
0.0 0.6900000000000001 1.0116036340526409 1.0
0.0 0.7 0.9883048709579577 1.0
0.0 0.71 1.0117836188621525 1.0
0.0 0.72 0.9881306802032004 1.0
0.0 0.73 1.0119519715197631 1.0
0.0 0.74 0.9879682115782287 1.0
0.0 0.75 0.012108556435076122 1.0
0.0 0.76 -0.012182375822068268 1.0
0.0 0.77 0.012253184342842085 1.0
0.0 0.78 -0.012320968150199766 1.0
0.0 0.79 0.012385711300189589 1.0
0.0 0.8 -0.012447398108746075 1.0
0.0 0.81 0.012506013495940745 1.0
0.0 0.8200000000000001 -0.012561543078831762 1.0
0.0 0.83 0.012613973206552649 1.0
0.0 0.84 -0.012663290977216163 1.0
0.0 0.85 0.012709484247715801 1.0
0.0 0.86 -0.01275254164026014 1.0
0.0 0.87 0.012792452547260143 1.0
0.0 0.88 -0.012829207135218259 1.0
0.0 0.89 0.012862796348043742 1.0
0.0 0.9 -0.012893211909841374 1.0
0.0 0.91 0.01292044632743878 1.0
0.0 0.92 -0.012944492892580595 1.0
0.0 0.93 0.012965345683918652 1.0
0.0 0.9400000000000001 -0.012982999568744866 1.0
0.0 0.95 0.012997450204580263 1.0
0.0 0.96 -0.013008694040539531 1.0
0.0 0.97 0.0130167283185968 1.0
0.0 0.98 -0.013021551074621475 1.0
0.0 0.99 0.013023161139429196 1.0
0.002 -0.01 0.0 1.0
0.002 0.0 7.261770571807541e-05 1.0
0.002 0.01 0.00017085395546285762 1.0
0.002 0.019999999999999997 0.0003265401010733959 1.0
0.002 0.03 0.0005846222573961388 1.0
0.002 0.04 0.0010113559503276228 1.0
0.002 0.049999999999999996 0.001704208476850857 1.0
0.002 0.060000000000000005 0.0028035651968364435 1.0
0.002 0.07 0.004505863520747195 1.0
0.002 0.08 0.007077151781891909 1.0
0.002 0.09000000000000001 0.010865332252972315 1.0
0.002 0.1 0.016308600068680065 1.0
0.002 0.11 0.023936997212840833 1.0
0.002 0.12000000000000001 0.034363774250404246 1.0
0.002 0.13 0.04826361042975948 1.0
0.002 0.13999999999999999 0.06633584950361976 1.0
0.002 0.15 0.08925280369798588 1.0
0.002 0.16 0.11759571595964566 1.0
0.002 0.16999999999999998 0.1517837940477056 1.0
0.002 0.18 0.19200430101312377 1.0
0.002 0.19 0.23815337931720676 1.0
0.002 0.19999999999999998 0.2897975325293157 1.0
0.002 0.21 0.3461641440571209 1.0
0.002 0.22 0.4061660896972306 1.0
0.002 0.22999999999999998 0.4684608295095826 1.0
0.002 0.24 0.5315391406880845 1.0
0.002 0.25 0.5938338805004173 1.0
0.002 0.26 0.6538358261404573 1.0
0.002 0.27 0.7102024376680377 1.0
0.002 0.27999999999999997 0.7618465908794411 1.0
0.002 0.29 0.8079956691813684 1.0
0.002 0.3 0.8482161761403618 1.0
0.002 0.31 0.882404254209735 1.0
0.002 0.32 0.9107471664183752 1.0
0.002 0.33 0.9336641204659895 1.0
0.002 0.34 0.9517363591435894 1.0
0.002 0.35 0.9656361942791024 1.0
0.002 0.36 0.9760629686340985 1.0
0.002 0.37 0.9836913590526469 1.0
0.002 0.38 0.9891346104177021 1.0
0.002 0.39 0.9929227516324921 1.0
0.002 0.4 0.9954939485002089 1.0
0.002 0.41 0.9971960392347423 1.0
0.002 0.42 0.998294935926301 1.0
0.002 0.43 0.9989867938295863 1.0
0.002 0.44 0.9994114293944661 1.0
0.002 0.45 0.9996651932791865 1.0
0.002 0.46 0.9998122078563831 1.0
0.002 0.47 0.9998934538359577 1.0
0.002 0.48 0.9999335910153467 1.0
0.002 0.49 0.9999456228722716 1.0
0.002 0.5 0.9999335910153465 1.0
0.002 0.51 0.999893453835958 1.0
0.002 0.52 0.9998122078563833 1.0
0.002 0.53 0.9996651932791866 1.0
0.002 0.54 0.9994114293944668 1.0
0.002 0.55 0.9989867938295869 1.0
0.002 0.56 0.9982949359263016 1.0
0.002 0.57 0.9971960392347426 1.0
0.002 0.58 0.9954939485002096 1.0
0.002 0.59 0.9929227516324927 1.0
0.002 0.6 0.9891346104177025 1.0
0.002 0.61 0.9836913590526478 1.0
0.002 0.62 0.9760629686340989 1.0
0.002 0.63 0.9656361942791029 1.0
0.002 0.64 0.95173635914359 1.0
0.002 0.65 0.9336641204659903 1.0
0.002 0.66 0.9107471664183754 1.0
0.002 0.67 0.882404254209735 1.0
0.002 0.68 0.8482161761403618 1.0
0.002 0.6900000000000001 0.8079956691813696 1.0
0.002 0.7 0.761846590879442 1.0
0.002 0.71 0.7102024376680386 1.0
0.002 0.72 0.653835826140458 1.0
0.002 0.73 0.5938338805004189 1.0
0.002 0.74 0.5315391406880897 1.0
0.002 0.75 0.46846082950959944 1.0
0.002 0.76 0.4061660896972863 1.0
0.002 0.77 0.3461641440573051 1.0
0.002 0.78 0.28979753252991103 1.0
0.002 0.79 0.23815337931908395 1.0
0.002 0.8 0.19200430101890043 1.0
0.002 0.81 0.15178379406505094 1.0
0.002 0.8200000000000001 0.11759571601046552 1.0
0.002 0.83 0.08925280384327702 1.0
0.002 0.84 0.06633584990893956 1.0
0.002 0.85 0.04826361153312988 1.0
0.002 0.86 0.034363777181434074 1.0
0.002 0.87 0.023937004810962174 1.0
0.002 0.88 0.016308619290384522 1.0
0.002 0.89 0.010865379708933896 1.0
0.002 0.9 0.007077266126951362 1.0
0.002 0.91 0.004506132418632517 1.0
0.002 0.92 0.0028041823848790086 1.0
0.002 0.93 0.0017055911699949881 1.0
0.002 0.9400000000000001 0.001014379602039321 1.0
0.002 0.95 0.000591076664700424 1.0
0.002 0.96 0.0003399901021468265 1.0
0.002 0.97 0.0001982163554704858 1.0
0.002 0.98 0.00012696508573072676 1.0
0.002 0.99 0.00010539609527330446 1.0
0.004 -0.01 0.0 1.0
0.004 0.0 0.002115949571091376 1.0
0.004 0.01 0.004403138688031877 1.0
0.004 0.019999999999999997 0.007037361585406257 1.0
0.004 0.03 0.01020311761702122 1.0
0.004 0.04 0.014096960457928255 1.0
0.004 0.049999999999999996 0.01892966622871182 1.0
0.004 0.060000000000000005 0.024926872212214977 1.0
0.004 0.07 0.03232788935221551 1.0
0.004 0.08 0.04138246855846686 1.0
0.004 0.09000000000000001 0.05234540654268295 1.0
0.004 0.1 0.06546901183912072 1.0
0.004 0.11 0.08099361187769163 1.0
0.004 0.12000000000000001 0.09913645863210706 1.0
0.004 0.13 0.12007956983141489 1.0
0.004 0.13999999999999999 0.143957207515107 1.0
0.004 0.15 0.17084382621228672 1.0
0.004 0.16 0.20074339985622555 1.0
0.004 0.16999999999999998 0.23358104330912546 1.0
0.004 0.18 0.2691977703764575 1.0
0.004 0.19 0.30734907272767653 1.0
0.004 0.19999999999999998 0.3477077698960746 1.0
0.004 0.21 0.38987128580465985 1.0
0.004 0.22 0.43337317683943666 1.0
0.004 0.22999999999999998 0.47769840119471463 1.0
0.004 0.24 0.5223015124464455 1.0
0.004 0.25 0.5666267139811275 1.0
0.004 0.26 0.6101285513821469 1.0
0.004 0.27 0.6522919645080009 1.0
0.004 0.27999999999999997 0.692650475815769 1.0
0.004 0.29 0.7308014503704691 1.0
0.004 0.3 0.7664176084846464 1.0
0.004 0.31 0.7992542775813148 1.0
0.004 0.32 0.8291522036305947 1.0
0.004 0.33 0.8560360708357974 1.0
0.004 0.34 0.8799091701578017 1.0
0.004 0.35 0.9008448878342028 1.0
0.004 0.36 0.9189758378449363 1.0
0.004 0.37 0.9344815305440755 1.0
0.004 0.38 0.9475754561639436 1.0
0.004 0.39 0.9584923774999355 1.0
0.004 0.4 0.9674764876465781 1.0
0.004 0.41 0.9747709163172493 1.0
0.004 0.42 0.9806088828032322 1.0
0.004 0.43 0.9852066140644679 1.0
0.004 0.44 0.988757988405228 1.0
0.004 0.45 0.9914307398341419 1.0
0.004 0.46 0.9933639719573591 1.0
0.004 0.47 0.9946666850840727 1.0
0.004 0.48 0.9954170143876071 1.0
0.004 0.49 0.9956619059021429 1.0
0.004 0.5 0.9954170143876067 1.0
0.004 0.51 0.9946666850840731 1.0
0.004 0.52 0.9933639719573601 1.0
0.004 0.53 0.9914307398341449 1.0
0.004 0.54 0.9887579884052361 1.0
0.004 0.55 0.9852066140644867 1.0
0.004 0.56 0.9806088828032758 1.0
0.004 0.57 0.974770916317351 1.0
0.004 0.58 0.9674764876468143 1.0
0.004 0.59 0.9584923775004749 1.0
0.004 0.6 0.9475754561651633 1.0
0.004 0.61 0.9344815305467986 1.0
0.004 0.62 0.9189758378509437 1.0
0.004 0.63 0.9008448878472951 1.0
0.004 0.64 0.8799091701859865 1.0
0.004 0.65 0.856036070895735 1.0
0.004 0.66 0.8291522037565031 1.0
0.004 0.67 0.7992542778425878 1.0
0.004 0.68 0.7664176090202177 1.0
0.004 0.6900000000000001 0.7308014514549684 1.0
0.004 0.7 0.6926504779851408 1.0
0.004 0.71 0.6522919687948223 1.0
0.004 0.72 0.6101285597504577 1.0
0.004 0.73 0.5666267301189869 1.0
0.004 0.74 0.5223015431907387 1.0
0.004 0.75 0.4776984590573963 1.0
0.004 0.76 0.4333732844248411 1.0
0.004 0.77 0.3898714834262824 1.0
0.004 0.78 0.34770812852697575 1.0
0.004 0.79 0.30734971571031183 1.0
0.004 0.8 0.2691989093025661 1.0
0.004 0.81 0.23358303647502243 1.0
0.004 0.8200000000000001 0.20074684613292462 1.0
0.004 0.83 0.17084971360818116 1.0
0.004 0.84 0.14396714486937165 1.0
0.004 0.85 0.1200961428353821 1.0
0.004 0.86 0.09916376875251223 1.0
0.004 0.87 0.08103807986099124 1.0
0.004 0.88 0.06554055741456714 1.0
0.004 0.89 0.05245915364951849 1.0
0.004 0.9 0.04156117142971058 1.0
0.004 0.91 0.032605328899852286 1.0
0.004 0.92 0.02535253306374539 1.0
0.004 0.93 0.01957506958653358 1.0
0.004 0.9400000000000001 0.015064091799107185 1.0
0.004 0.95 0.011635443830382322 1.0
0.004 0.96 0.009133969547047037 1.0
0.004 0.97 0.007436534048213315 1.0
0.004 0.98 0.00645401614173479 1.0
0.004 0.99 0.006132521013948442 1.0
0.006 -0.01 0.0 1.0
0.006 0.0 0.0059974607408344975 1.0
0.006 0.01 0.01219393636820345 1.0
0.006 0.019999999999999997 0.018787575708488883 1.0
0.006 0.03 0.02597466106896037 1.0
0.006 0.04 0.033948349676671846 1.0
0.006 0.049999999999999996 0.042897054150162754 1.0
0.006 0.060000000000000005 0.05300238902283561 1.0
0.006 0.07 0.06443664764461421 1.0
0.006 0.08 0.0773598164113583 1.0
0.006 0.09000000000000001 0.09191617867736526 1.0
0.006 0.1 0.10823060603534149 1.0
0.006 0.11 0.12640467684570014 1.0
0.006 0.12000000000000001 0.14651279788242327 1.0
0.006 0.13 0.16859853182993312 1.0
0.006 0.13999999999999999 0.19267134860174692 1.0
0.006 0.15 0.2187040201582631 1.0
0.006 0.16 0.24663086559293523 1.0
0.006 0.16999999999999998 0.2763470256192835 1.0
0.006 0.18 0.3077089041738292 1.0
0.006 0.19 0.34053586167108574 1.0
0.006 0.19999999999999998 0.3746131825112785 1.0
0.006 0.21 0.4096962725618554 1.0
0.006 0.22 0.4455159748664364 1.0
0.006 0.22999999999999998 0.48178482835184794 1.0
0.006 0.24 0.5182040392289005 1.0
0.006 0.25 0.5544708920240068 1.0
0.006 0.26 0.5902862997970404 1.0
0.006 0.27 0.625362183043876 1.0
0.006 0.27999999999999997 0.6594283747161632 1.0
0.006 0.29 0.6922387740458685 1.0
0.006 0.3 0.7235765124964714 1.0
0.006 0.31 0.7532579481425695 1.0
0.006 0.32 0.7811353662529226 1.0
0.006 0.33 0.8070983294897317 1.0
0.006 0.34 0.8310736865067684 1.0
0.006 0.35 0.8530243086638009 1.0
0.006 0.36 0.8729466775012676 1.0
0.006 0.37 0.890867487816132 1.0
0.006 0.38 0.906839460945614 1.0
0.006 0.39 0.920936579582706 1.0
0.006 0.4 0.933248959546539 1.0
0.006 0.41 0.9438775667612904 1.0
0.006 0.42 0.9529289713263189 1.0
0.006 0.43 0.9605103075208926 1.0
0.006 0.44 0.9667245816063391 1.0
0.006 0.45 0.9716664410193399 1.0
0.006 0.46 0.9754184913317182 1.0
0.006 0.47 0.9780482230196785 1.0
0.006 0.48 0.979605589841351 1.0
0.006 0.49 0.9801212649756275 1.0
0.006 0.5 0.9796055898551554 1.0
0.006 0.51 0.9780482230526206 1.0
0.006 0.52 0.9754184913963303 1.0
0.006 0.53 0.9716664411396642 1.0
0.006 0.54 0.9667245818260044 1.0
0.006 0.55 0.9605103079173656 1.0
0.006 0.56 0.9529289720354566 1.0
0.006 0.57 0.9438775680190497 1.0
0.006 0.58 0.9332489617591062 1.0
0.006 0.59 0.9209365834432867 1.0
0.006 0.6 0.9068394676271196 1.0
0.006 0.61 0.890867499286199 1.0
0.006 0.62 0.8729466970325378 1.0
0.006 0.63 0.8530243416529232 1.0
0.006 0.64 0.8310737417767802 1.0
0.006 0.65 0.8070984213419754 1.0
0.006 0.66 0.7811355176698372 1.0
0.006 0.67 0.7532581957402398 1.0
0.006 0.68 0.7235769141110844 1.0
0.006 0.6900000000000001 0.6922394202454085 1.0
0.006 0.7 0.6594294061028271 1.0
0.006 0.71 0.6253638160123721 1.0
0.006 0.72 0.5902888645136948 1.0
0.006 0.73 0.5544748878843925 1.0
0.006 0.74 0.5182102150508763 1.0
0.006 0.75 0.48179429720096417 1.0
0.006 0.76 0.44553037684665947 1.0
0.006 0.77 0.40971800330857594 1.0
0.006 0.78 0.37464571067790486 1.0
0.006 0.79 0.3405841655863143 1.0
0.006 0.8 0.30778006622661175 1.0
0.006 0.81 0.27645103292314993 1.0
0.006 0.8200000000000001 0.2467816771381118 1.0
0.006 0.83 0.2189209739150989 1.0
0.006 0.84 0.1929809966726396 1.0
0.006 0.85 0.1690370073348319 1.0
0.006 0.86 0.14712883312611508 1.0
0.006 0.87 0.12726340747419093 1.0
0.006 0.88 0.1094183090289887 1.0
0.006 0.89 0.09354610148346075 1.0
0.006 0.9 0.07957925828178834 1.0
0.006 0.91 0.06743545001656287 1.0
0.006 0.92 0.057022977066788 1.0
0.006 0.93 0.048246143863880535 1.0
0.006 0.9400000000000001 0.04101039173197578 1.0
0.006 0.95 0.03522703203095053 1.0
0.006 0.96 0.03081744795723197 1.0
0.006 0.97 0.02771665979799259 1.0
0.006 0.98 0.0258761731750537 1.0
0.006 0.99 0.025266051958267196 1.0
0.008 -0.01 0.0 1.0
0.008 0.0 0.009686589617673552 1.0
0.008 0.01 0.019538976915202684 1.0
0.008 0.019999999999999997 0.029720904381344428 1.0
0.008 0.03 0.04039199462992182 1.0
0.008 0.04 0.051705669644539806 1.0
0.008 0.049999999999999996 0.06380705298180123 1.0
0.008 0.060000000000000005 0.0768308618408881 1.0
0.008 0.07 0.09089930544933197 1.0
0.008 0.08 0.10612001667333935 1.0
0.008 0.09000000000000001 0.12258405429352877 1.0
0.008 0.1 0.14036402310963647 1.0
0.008 0.11 0.15951236708384403 1.0
0.008 0.12000000000000001 0.18005989631057548 1.0
0.008 0.13 0.20201461105067206 1.0
0.008 0.13999999999999999 0.22536088490945913 1.0
0.008 0.15 0.25005906420962215 1.0
0.008 0.16 0.2760455316934701 1.0
0.008 0.16999999999999998 0.30323327012185625 1.0
0.008 0.18 0.3315129456034327 1.0
0.008 0.19 0.36075451229712174 1.0
0.008 0.19999999999999998 0.3908093203770322 1.0
0.008 0.21 0.4215126888591179 1.0
0.008 0.22 0.45268688515842076 1.0
0.008 0.22999999999999998 0.4841444351704722 1.0
0.008 0.24 0.5156916722757134 1.0
0.008 0.25 0.5471324218402854 1.0
0.008 0.26 0.5782717102246597 1.0
0.008 0.27 0.6089193844690622 1.0
0.008 0.27999999999999997 0.6388935308905804 1.0
0.008 0.29 0.6680235877140678 1.0
0.008 0.3 0.6961530582134303 1.0
0.008 0.31 0.7231417460682191 1.0
0.008 0.32 0.7488674529527565 1.0
0.008 0.33 0.7732270988401099 1.0
0.008 0.34 0.7961372471110297 1.0
0.008 0.35 0.8175340382844811 1.0
0.008 0.36 0.837372557056247 1.0
0.008 0.37 0.8556256764736793 1.0
0.008 0.38 0.8722824397645305 1.0
0.008 0.39 0.8873460540308735 1.0
0.008 0.4 0.9008315803642871 1.0
0.008 0.41 0.9127634117782792 1.0
0.008 0.42 0.9231726337108173 1.0
0.008 0.43 0.9320943619003379 1.0
0.008 0.44 0.9395651494796118 1.0
0.008 0.45 0.9456205495419335 1.0
0.008 0.46 0.9502929116345938 1.0
0.008 0.47 0.9536094810536832 1.0
0.008 0.48 0.9555908588573049 1.0
0.008 0.49 0.956249868542913 1.0
0.008 0.5 0.9555908626557144 1.0
0.008 0.51 0.953609489460119 1.0
0.008 0.52 0.9502929264193404 1.0
0.008 0.53 0.9456205737619641 1.0
0.008 0.54 0.9395651880304499 1.0
0.008 0.55 0.9320944223779901 1.0
0.008 0.56 0.9231727277116093 1.0
0.008 0.57 0.912763556823121 1.0
0.008 0.58 0.9008318027137004 1.0
0.008 0.59 0.8873463927656723 1.0
0.008 0.6 0.8722829526541742 1.0
0.008 0.61 0.8556264483522913 1.0
0.008 0.62 0.8373737116905583 1.0
0.008 0.63 0.8175357550675919 1.0
0.008 0.64 0.7961397843740885 1.0
0.008 0.65 0.7732308261686781 1.0
0.008 0.66 0.7488728956585617 1.0
0.008 0.67 0.7231496459381282 1.0
0.008 0.68 0.6961644558785208 1.0
0.008 0.6900000000000001 0.6680399334995845 1.0
0.008 0.7 0.6389168328721126 1.0
0.008 0.71 0.6089524047219926 1.0
0.008 0.72 0.5783182229610884 1.0
0.008 0.73 0.5471975503219875 1.0
0.008 0.74 0.5157823251031962 1.0
0.008 0.75 0.48426986678814965 1.0
0.008 0.76 0.45285941016906517 1.0
0.008 0.77 0.421748584956048 1.0
0.008 0.78 0.3911299602831625 1.0
0.008 0.79 0.36118777089311027 1.0
0.008 0.8 0.3320949342136242 1.0
0.008 0.81 0.3040104554124529 1.0
0.008 0.8200000000000001 0.27707730144685505 1.0
0.008 0.83 0.2514208059123401 1.0
0.008 0.84 0.22714764508748572 1.0
0.008 0.85 0.20434540298987916 1.0
0.008 0.86 0.18308272054224284 1.0
0.008 0.87 0.1634100020941846 1.0
0.008 0.88 0.14536063245366726 1.0
0.008 0.89 0.1289526400135075 1.0
0.008 0.9 0.11419072710244797 1.0
0.008 0.91 0.10106857775217185 1.0
0.008 0.92 0.08957134586792023 1.0
0.008 0.93 0.07967822336109157 1.0
0.008 0.9400000000000001 0.07136498803181976 1.0
0.008 0.95 0.06460643463557281 1.0
0.008 0.96 0.05937859929332364 1.0
0.008 0.97 0.05566069681092005 1.0
0.008 0.98 0.05343670212871089 1.0
0.008 0.99 0.05269652058768899 1.0
