0.0 0.0 -0.06292806185465369 1.0
0.0 0.01 0.04559872756887561 1.0
0.0 0.02 0.15437095486214034 1.0
0.0 0.03 0.25707429915891783 1.0
0.0 0.04 0.3562977978558951 1.0
0.0 0.05 0.44595859160413603 1.0
0.0 0.06 0.5289617499185564 1.0
0.0 0.07 0.5996172394613568 1.0
0.0 0.08 0.6612900834577792 1.0
0.0 0.09 0.7088060123074337 1.0
0.0 0.1 0.7460889325202964 1.0
0.0 0.11 0.768552826513494 1.0
0.0 0.12 0.7807247489776099 1.0
0.0 0.13 0.778621888699596 1.0
0.0 0.14 0.7673597268978973 1.0
0.0 0.15 0.743514626303455 1.0
0.0 0.16 0.7127182383933038 1.0
0.0 0.17 0.672007401590773 1.0
0.0 0.18 0.6274072303118241 1.0
0.0 0.19 0.5762713463428827 1.0
0.0 0.2 0.524857190437823 1.0
0.0 0.21 0.470660557103493 1.0
0.0 0.22 0.41998743070656575 1.0
0.0 0.23 0.37028735142451474 1.0
0.0 0.24 0.3277264179278 1.0
0.0 0.25 0.2895241265639116 1.0
0.0 0.26 0.26153206837928494 1.0
0.0 0.27 0.24057854350691238 1.0
0.0 0.28 0.23205692277355938 1.0
0.0 0.29 0.23228157804875185 1.0
0.0 0.3 0.2460889325203008 1.0
0.0 0.31 0.26920713994762685 1.0
0.0 0.32 0.30587160549979026 1.0
0.0 0.33 0.3512095008803923 1.0
0.0 0.34 0.40887012100174175 1.0
0.0 0.35000000000000003 0.47342386956572907 1.0
0.0 0.36 0.5480063644651323 1.0
0.0 0.37 0.6267301117848406 1.0
0.0 0.38 0.7123399268461269 1.0
0.0 0.39 0.7986342724047417 1.0
0.0 0.4 0.8881284544405013 1.0
0.0 0.41000000000000003 0.9744816541677013 1.0
0.0 0.42 1.0601635964614549 1.0
0.0 0.43 1.1388827477791486 1.0
0.0 0.44 1.213251815020276 1.0
0.0 0.45 1.277212467159045 1.0
0.0 0.46 1.3336951366472984 1.0
0.0 0.47000000000000003 1.3770359626678994 1.0
0.0 0.48 1.4106269247212073 1.0
0.0 0.49 1.429321466633928 1.0
0.0 0.5 1.4370719381453547 1.0
0.0 0.51 1.42932146663393 1.0
0.0 0.52 1.4106269247211967 1.0
0.0 0.53 1.377035962667895 1.0
0.0 0.54 1.3336951366473015 1.0
0.0 0.55 1.2772124671590392 1.0
0.0 0.56 1.2132518150202742 1.0
0.0 0.5700000000000001 1.1388827477791577 1.0
0.0 0.58 1.060163596461468 1.0
0.0 0.59 0.9744816541676858 1.0
0.0 0.6 0.888128454440504 1.0
0.0 0.61 0.7986342724047382 1.0
0.0 0.62 0.7123399268461342 1.0
0.0 0.63 0.6267301117848376 1.0
0.0 0.64 0.5480063644651344 1.0
0.0 0.65 0.47342386956572835 1.0
0.0 0.66 0.40887012100174175 1.0
0.0 0.67 0.35120950088038855 1.0
0.0 0.68 0.3058716054997933 1.0
0.0 0.6900000000000001 0.26920713994762663 1.0
0.0 0.7000000000000001 0.2460889325202962 1.0
0.0 0.71 0.2322815780487556 1.0
0.0 0.72 0.23205692277356268 1.0
0.0 0.73 0.24057854350690727 1.0
0.0 0.74 0.26153206837928994 1.0
0.0 0.75 0.2895241265639073 1.0
0.0 0.76 0.32772641792780016 1.0
0.0 0.77 0.3702873514245081 1.0
0.0 0.78 0.4199874307065688 1.0
0.0 0.79 0.47066055710349397 1.0
0.0 0.8 0.5248571904378244 1.0
0.0 0.81 0.5762713463428771 1.0
0.0 0.8200000000000001 0.6274072303118249 1.0
0.0 0.8300000000000001 0.6720074015907784 1.0
0.0 0.84 0.712718238393311 1.0
0.0 0.85 0.7435146263034472 1.0
0.0 0.86 0.7673597268979041 1.0
0.0 0.87 0.7786218886995893 1.0
0.0 0.88 0.7807247489776105 1.0
0.0 0.89 0.7685528265134906 1.0
0.0 0.9 0.746088932520298 1.0
0.0 0.91 0.7088060123074311 1.0
0.0 0.92 0.6612900834577821 1.0
0.0 0.93 0.5996172394613619 1.0
0.0 0.9400000000000001 0.5289617499185447 1.0
0.0 0.9500000000000001 0.4459585916041419 1.0
0.0 0.96 0.35629779785589566 1.0
0.0 0.97 0.2570742991589169 1.0
0.0 0.98 0.1543709548621382 1.0
0.0 0.99 0.04559872756888218 1.0
0.0 1.0 -0.06292806185465281 1.0
0.001 0.0 0.28464332644632767 1.0
0.001 0.01 0.29144746791057474 1.0
0.001 0.02 0.31127437518215595 1.0
0.001 0.03 0.34244894849417196 1.0
0.001 0.04 0.3824325213791783 1.0
0.001 0.05 0.4281442954300018 1.0
0.001 0.06 0.476313443124101 1.0
0.001 0.07 0.5238000183862773 1.0
0.001 0.08 0.56784073405201 1.0
0.001 0.09 0.6062006386554705 1.0
0.001 0.1 0.6372350528801921 1.0
0.001 0.11 0.6598817222428915 1.0
0.001 0.12 0.6736090429244522 1.0
0.001 0.13 0.6783440690745817 1.0
0.001 0.14 0.6743973345212945 1.0
0.001 0.15 0.6623938663416605 1.0
0.001 0.16 0.6432135279383046 1.0
0.001 0.17 0.6179399568141075 1.0
0.001 0.18 0.5878157046400481 1.0
0.001 0.19 0.5542010533048044 1.0
0.001 0.2 0.5185346162317884 1.0
0.001 0.21 0.4822946785294372 1.0
0.001 0.22 0.4469609734213701 1.0
0.001 0.23 0.4139771248917943 1.0
0.001 0.24 0.3847143100973266 1.0
0.001 0.25 0.36043685680193804 1.0
0.001 0.26 0.3422705422613894 1.0
0.001 0.27 0.33117434042401117 1.0
0.001 0.28 0.3279163001047176 1.0
0.001 0.29 0.33305414356669816 1.0
0.001 0.3 0.34692106196631933 1.0
0.001 0.31 0.3696170573128911 1.0
0.001 0.32 0.4010060444018714 1.0
0.001 0.33 0.44071878445914486 1.0
0.001 0.34 0.48816157865758397 1.0
0.001 0.35000000000000003 0.5425305078320277 1.0
0.001 0.36 0.6028308681368423 1.0
0.001 0.37 0.6679013244302383 1.0
0.001 0.38 0.7364421869838856 1.0
0.001 0.39 0.8070471155664024 1.0
0.001 0.4 0.8782374705356428 1.0
0.001 0.41000000000000003 0.9484984653759075 1.0
0.001 0.42 1.0163162307377414 1.0
0.001 0.43 1.0802148775725984 1.0
0.001 0.44 1.13879264695555 1.0
0.001 0.45 1.1907562566563767 1.0
0.001 0.46 1.2349525988996262 1.0
0.001 0.47000000000000003 1.2703970089548196 1.0
0.001 0.48 1.2962974086133863 1.0
0.001 0.49 1.3120737301607082 1.0
0.001 0.5 1.3173721426391858 1.0
0.001 0.51 1.312073730160708 1.0
0.001 0.52 1.2962974086133865 1.0
0.001 0.53 1.2703970089548193 1.0
0.001 0.54 1.234952598899626 1.0
0.001 0.55 1.190756256656377 1.0
0.001 0.56 1.13879264695555 1.0
0.001 0.5700000000000001 1.080214877572598 1.0
0.001 0.58 1.016316230737742 1.0
0.001 0.59 0.9484984653759079 1.0
0.001 0.6 0.8782374705356433 1.0
0.001 0.61 0.8070471155664029 1.0
0.001 0.62 0.7364421869838862 1.0
0.001 0.63 0.6679013244302389 1.0
0.001 0.64 0.6028308681368423 1.0
0.001 0.65 0.542530507832028 1.0
0.001 0.66 0.4881615786575834 1.0
0.001 0.67 0.4407187844591447 1.0
0.001 0.68 0.4010060444018708 1.0
0.001 0.6900000000000001 0.3696170573128911 1.0
0.001 0.7000000000000001 0.3469210619663197 1.0
0.001 0.71 0.3330541435666982 1.0
0.001 0.72 0.3279163001047174 1.0
0.001 0.73 0.3311743404240112 1.0
0.001 0.74 0.3422705422613888 1.0
0.001 0.75 0.3604368568019377 1.0
0.001 0.76 0.3847143100973266 1.0
0.001 0.77 0.41397712489179406 1.0
0.001 0.78 0.44696097342136987 1.0
0.001 0.79 0.48229467852943725 1.0
0.001 0.8 0.5185346162317884 1.0
0.001 0.81 0.5542010533048045 1.0
0.001 0.8200000000000001 0.5878157046400483 1.0
0.001 0.8300000000000001 0.6179399568141078 1.0
0.001 0.84 0.6432135279383042 1.0
0.001 0.85 0.6623938663416603 1.0
0.001 0.86 0.6743973345212942 1.0
0.001 0.87 0.6783440690745817 1.0
0.001 0.88 0.6736090429244525 1.0
0.001 0.89 0.6598817222428913 1.0
0.001 0.9 0.6372350528801919 1.0
0.001 0.91 0.6062006386554708 1.0
0.001 0.92 0.5678407340520095 1.0
0.001 0.93 0.5238000183862771 1.0
0.001 0.9400000000000001 0.4763134431241003 1.0
0.001 0.9500000000000001 0.4281442954300014 1.0
0.001 0.96 0.3824325213791783 1.0
0.001 0.97 0.3424489484941721 1.0
0.001 0.98 0.31127437518215617 1.0
0.001 0.99 0.29144746791057496 1.0
0.001 1.0 0.284643326446328 1.0
0.002 0.0 0.380244853293878 1.0
0.002 0.01 0.38354223820558914 1.0
0.002 0.02 0.3932264084356262 1.0
0.002 0.03 0.4086900231008733 1.0
0.002 0.04 0.42897434931913303 1.0
0.002 0.05 0.4528432565737316 1.0
0.002 0.06 0.47887530491249836 1.0
0.002 0.07 0.5055645738820062 1.0
0.002 0.08 0.5314207861449949 1.0
0.002 0.09 0.5550603924453689 1.0
0.002 0.1 0.575282287400867 1.0
0.002 0.11 0.5911242918234643 1.0
0.002 0.12 0.6018990282587579 1.0
0.002 0.13 0.6072099682792408 1.0
0.002 0.14 0.6069500091569787 1.0
0.002 0.15 0.6012858577475619 1.0
0.002 0.16 0.5906318045944409 1.0
0.002 0.17 0.5756162948178445 1.0
0.002 0.18 0.5570442185801027 1.0
0.002 0.19 0.5358572241930888 1.0
0.002 0.2 0.5130937391631997 1.0
0.002 0.21 0.4898498586441916 1.0
0.002 0.22 0.4672418687237922 1.0
0.002 0.23 0.4463709167531641 1.0
0.002 0.24 0.4282902004475933 1.0
0.002 0.25 0.4139749880139432 1.0
0.002 0.26 0.4042957683092915 1.0
0.002 0.27 0.39999483376647726 1.0
0.002 0.28 0.4016665987290839 1.0
0.002 0.29 0.40974193968381095 1.0
0.002 0.3 0.4244768065446915 1.0
0.002 0.31 0.4459452955849349 1.0
0.002 0.32 0.47403729787693505 1.0
0.002 0.33 0.5084607467677028 1.0
0.002 0.34 0.5487483890299871 1.0
0.002 0.35000000000000003 0.5942689017762578 1.0
0.002 0.36 0.6442420754329646 1.0
0.002 0.37 0.6977576859137763 1.0
0.002 0.38 0.7537975899060537 1.0
0.002 0.39 0.81126049866749 1.0
0.002 0.4 0.8689888201993453 1.0
0.002 0.41000000000000003 0.9257969089316077 1.0
0.002 0.42 0.9805000274823346 1.0
0.002 0.43 1.0319433075477769 1.0
0.002 0.44 1.0790299970020987 1.0
0.002 0.45 1.1207482978496162 1.0
0.002 0.46 1.156196134352884 1.0
0.002 0.47000000000000003 1.1846032416058039 1.0
0.002 0.48 1.2053500307792802 1.0
0.002 0.49 1.217982766614211 1.0
0.002 0.5 1.2222246835193185 1.0
0.002 0.51 1.217982766614211 1.0
0.002 0.52 1.2053500307792802 1.0
0.002 0.53 1.1846032416058039 1.0
0.002 0.54 1.1561961343528837 1.0
0.002 0.55 1.1207482978496162 1.0
0.002 0.56 1.079029997002099 1.0
0.002 0.5700000000000001 1.0319433075477769 1.0
0.002 0.58 0.9805000274823352 1.0
0.002 0.59 0.9257969089316078 1.0
0.002 0.6 0.8689888201993455 1.0
0.002 0.61 0.8112604986674903 1.0
0.002 0.62 0.753797589906054 1.0
0.002 0.63 0.6977576859137765 1.0
0.002 0.64 0.6442420754329646 1.0
0.002 0.65 0.5942689017762581 1.0
0.002 0.66 0.5487483890299867 1.0
0.002 0.67 0.5084607467677026 1.0
0.002 0.68 0.47403729787693466 1.0
0.002 0.6900000000000001 0.4459452955849349 1.0
0.002 0.7000000000000001 0.4244768065446918 1.0
0.002 0.71 0.4097419396838111 1.0
0.002 0.72 0.4016665987290838 1.0
0.002 0.73 0.3999948337664774 1.0
0.002 0.74 0.4042957683092912 1.0
0.002 0.75 0.41397498801394306 1.0
0.002 0.76 0.4282902004475934 1.0
0.002 0.77 0.44637091675316387 1.0
0.002 0.78 0.467241868723792 1.0
0.002 0.79 0.4898498586441915 1.0
0.002 0.8 0.5130937391631996 1.0
0.002 0.81 0.5358572241930888 1.0
0.002 0.8200000000000001 0.5570442185801027 1.0
0.002 0.8300000000000001 0.5756162948178445 1.0
0.002 0.84 0.5906318045944408 1.0
0.002 0.85 0.6012858577475622 1.0
0.002 0.86 0.6069500091569786 1.0
0.002 0.87 0.6072099682792409 1.0
0.002 0.88 0.6018990282587581 1.0
0.002 0.89 0.5911242918234643 1.0
0.002 0.9 0.5752822874008672 1.0
0.002 0.91 0.5550603924453693 1.0
0.002 0.92 0.5314207861449948 1.0
0.002 0.93 0.5055645738820062 1.0
0.002 0.9400000000000001 0.4788753049124979 1.0
0.002 0.9500000000000001 0.45284325657373126 1.0
0.002 0.96 0.42897434931913286 1.0
0.002 0.97 0.4086900231008734 1.0
0.002 0.98 0.3932264084356263 1.0
0.002 0.99 0.383542238205589 1.0
0.002 1.0 0.3802448532938779 1.0
0.003 0.0 0.42991366274140763 1.0
0.003 0.01 0.43173208348599557 1.0
0.003 0.02 0.4370848786742146 1.0
0.003 0.03 0.44567114042969597 1.0
0.003 0.04 0.4570104911698472 1.0
0.003 0.05 0.47047306006244255 1.0
0.003 0.06 0.4853181813363355 1.0
0.003 0.07 0.5007389515819232 1.0
0.003 0.08 0.5159094831679071 1.0
0.003 0.09 0.5300316824379744 1.0
0.003 0.1 0.5423786417702603 1.0
0.003 0.11 0.5523322123465692 1.0
0.003 0.12 0.5594129488685814 1.0
0.003 0.13 0.5633013100420309 1.0
0.003 0.14 0.5638496844558151 1.0
0.003 0.15 0.5610854281158163 1.0
0.003 0.16 0.5552056034215984 1.0
0.003 0.17 0.5465644765665973 1.0
0.003 0.18 0.5356550575296416 1.0
0.003 0.19 0.5230860662022867 1.0
0.003 0.2 0.5095557026600981 1.0
0.003 0.21 0.49582351723427187 1.0
0.003 0.22 0.4826815452614929 1.0
0.003 0.23 0.47092571716720755 1.0
0.003 0.24 0.46132839622584904 1.0
0.003 0.25 0.4546127468738635 1.0
0.003 0.26 0.4514295026952991 1.0
0.003 0.27 0.4523365870796969 1.0
0.003 0.28 0.4577819395362234 1.0
0.003 0.29 0.4680898132604586 1.0
0.003 0.3 0.4834507306717044 1.0
0.003 0.31 0.5039152094682672 1.0
0.003 0.32 0.5293912993961586 1.0
0.003 0.33 0.5596458976752664 1.0
0.003 0.34 0.5943097383360763 1.0
0.003 0.35000000000000003 0.6328858780648972 1.0
0.003 0.36 0.6747614297788233 1.0
0.003 0.37 0.7192222267907069 1.0
0.003 0.38 0.7654700370578665 1.0
0.003 0.39 0.8126418906433889 1.0
0.003 0.4 0.8598310360288697 1.0
0.003 0.41000000000000003 0.9061090039252528 1.0
0.003 0.42 0.9505482320319592 1.0
0.003 0.43 0.9922446917231057 1.0
0.003 0.44 1.0303399584341109 1.0
0.003 0.45 1.0640421817323014 1.0
0.003 0.46 1.0926454384492468 1.0
0.003 0.47000000000000003 1.1155469922353545 1.0
0.003 0.48 1.1322620345359968 1.0
0.003 0.49 1.142435544044162 1.0
0.003 0.5 1.1458509726497117 1.0
0.003 0.51 1.142435544044162 1.0
0.003 0.52 1.1322620345359968 1.0
0.003 0.53 1.1155469922353545 1.0
0.003 0.54 1.0926454384492466 1.0
0.003 0.55 1.0640421817323016 1.0
0.003 0.56 1.0303399584341109 1.0
0.003 0.5700000000000001 0.9922446917231056 1.0
0.003 0.58 0.9505482320319595 1.0
0.003 0.59 0.9061090039252531 1.0
0.003 0.6 0.8598310360288698 1.0
0.003 0.61 0.812641890643389 1.0
0.003 0.62 0.7654700370578669 1.0
0.003 0.63 0.719222226790707 1.0
0.003 0.64 0.674761429778823 1.0
0.003 0.65 0.6328858780648974 1.0
0.003 0.66 0.5943097383360759 1.0
0.003 0.67 0.5596458976752664 1.0
0.003 0.68 0.5293912993961581 1.0
0.003 0.6900000000000001 0.5039152094682671 1.0
0.003 0.7000000000000001 0.48345073067170447 1.0
0.003 0.71 0.4680898132604587 1.0
0.003 0.72 0.45778193953622326 1.0
0.003 0.73 0.4523365870796972 1.0
0.003 0.74 0.4514295026952989 1.0
0.003 0.75 0.45461274687386344 1.0
0.003 0.76 0.46132839622584904 1.0
0.003 0.77 0.4709257171672075 1.0
0.003 0.78 0.4826815452614929 1.0
0.003 0.79 0.49582351723427176 1.0
0.003 0.8 0.509555702660098 1.0
0.003 0.81 0.5230860662022866 1.0
0.003 0.8200000000000001 0.5356550575296416 1.0
0.003 0.8300000000000001 0.5465644765665975 1.0
0.003 0.84 0.5552056034215984 1.0
0.003 0.85 0.5610854281158164 1.0
0.003 0.86 0.563849684455815 1.0
0.003 0.87 0.563301310042031 1.0
0.003 0.88 0.5594129488685815 1.0
0.003 0.89 0.5523322123465692 1.0
0.003 0.9 0.5423786417702604 1.0
0.003 0.91 0.5300316824379746 1.0
0.003 0.92 0.515909483167907 1.0
0.003 0.93 0.5007389515819234 1.0
0.003 0.9400000000000001 0.48531818133633525 1.0
0.003 0.9500000000000001 0.4704730600624424 1.0
0.003 0.96 0.45701049116984716 1.0
0.003 0.97 0.4456711404296959 1.0
0.003 0.98 0.43708487867421464 1.0
0.003 0.99 0.43173208348599545 1.0
0.003 1.0 0.42991366274140763 1.0
