0.0 0.0 0.5022142634486599 1.5
0.0 0.01 0.5023147038253382 1.5
0.0 0.02 0.5026167338042158 1.5
0.0 0.03 0.5031225146883685 1.5
0.0 0.04 0.5038357616933357 1.5
0.0 0.05 0.5047619038085988 1.5
0.0 0.06 0.5059082886782366 1.5
0.0 0.07 0.5072844146802472 1.5
0.0 0.08 0.5089021688159464 1.5
0.0 0.09 0.5107760465018678 1.5
0.0 0.1 0.5129233280213225 1.5
0.0 0.11 0.5153641863236932 1.5
0.0 0.12 0.5181217020836177 1.5
0.0 0.13 0.5212217644198566 1.5
0.0 0.14 0.5246928393400281 1.5
0.0 0.15 0.5285655926863954 1.5
0.0 0.16 0.5328723599279446 1.5
0.0 0.17 0.5376464613559008 1.5
0.0 0.18 0.5429213678461302 1.5
0.0 0.19 0.5487297290871058 1.5
0.0 0.2 0.5551022827637467 1.5
0.0 0.21 0.5620666693669546 1.5
0.0 0.22 0.5696461828121381 1.5
0.0 0.23 0.5778584916680329 1.5
0.0 0.24 0.5867143693234667 1.5
0.0 0.25 0.5962164736985791 1.5
0.0 0.26 0.6063582180284574 1.5
0.0 0.27 0.6171227737507785 1.5
0.0 0.28 0.6284822446056099 1.5
0.0 0.29 0.6403970477466202 1.5
0.0 0.3 0.6528155330590267 1.5
0.0 0.31 0.6656738661159622 1.5
0.0 0.32 0.6788961934565585 1.5
0.0 0.33 0.692395101344003 1.5
0.0 0.34 0.7060723710937709 1.5
0.0 0.35000000000000003 0.7198200257023263 1.5
0.0 0.36 0.7335216541149567 1.5
0.0 0.37 0.7470539913085953 1.5
0.0 0.38 0.760288724684269 1.5
0.0 0.39 0.7730944903012021 1.5
0.0 0.4 0.7853390164549016 1.5
0.0 0.41000000000000003 0.7968913671899713 1.5
0.0 0.42 0.8076242346960377 1.5
0.0 0.43 0.8174162272747475 1.5
0.0 0.44 0.8261540987590625 1.5
0.0 0.45 0.8337348659420073 1.5
0.0 0.46 0.8400677627165553 1.5
0.0 0.47000000000000003 0.8450759831852835 1.5
0.0 0.48 0.8486981708712904 1.5
0.0 0.49 0.8508896172170981 1.5
0.0 0.5 1.0841659642095993 0.5
0.0 0.51 1.0813973008326447 0.5
0.0 0.52 1.0731482733322728 0.5
0.0 0.53 1.0595883782670377 0.5
0.0 0.54 1.0409955064313945 0.5
0.0 0.55 1.0177491568916166 0.5
0.0 0.56 0.9903211721426612 0.5
0.0 0.5700000000000001 0.9592642230324548 0.5
0.0 0.58 0.9251983278330108 0.5
0.0 0.59 0.8887957387292664 0.5
0.0 0.6 0.8507645699092037 0.5
0.0 0.61 0.8118315734495225 0.5
0.0 0.62 0.7727244916150564 0.5
0.0 0.63 0.734154426596497 0.5
0.0 0.64 0.6967986709291137 0.5
0.0 0.65 0.6612844339486733 0.5
0.0 0.66 0.628173881968524 0.5
0.0 0.67 0.5979508829249208 0.5
0.0 0.68 0.5710098107118695 0.5
0.0 0.6900000000000001 0.5476467210826756 0.5
0.0 0.7000000000000001 0.5280531606294154 0.5
0.0 0.71 0.5123128137148851 0.5
0.0 0.72 0.5004011299656227 0.5
0.0 0.73 0.492188007526127 0.5
0.0 0.74 0.48744353504344784 0.5
0.0 0.75 0.48584671848711536 0.5
0.0 0.76 0.48699703756555973 0.5
0.0 0.77 0.49042859095624425 0.5
0.0 0.78 0.4956265004524084 0.5
0.0 0.79 0.5020451526965822 0.5
0.0 0.8 0.5091277655830864 0.5
0.0 0.81 0.5163266780032068 0.5
0.0 0.8200000000000001 0.5231236810575524 0.5
0.0 0.8300000000000001 0.5290496422186024 0.5
0.0 0.84 0.5337026284220124 0.5
0.0 0.85 0.5367637176666502 0.5
0.0 0.86 0.5380097094079873 0.5
0.0 0.87 0.5373220089114162 0.5
0.0 0.88 0.5346910748229768 0.5
0.0 0.89 0.5302159843433653 0.5
0.0 0.9 0.5240988841415325 0.5
0.0 0.91 0.5166343501208397 0.5
0.0 0.92 0.5081939627210665 0.5
0.0 0.93 0.4992066990956938 0.5
0.0 0.9400000000000001 0.49013602790965555 0.5
0.0 0.9500000000000001 0.48145484319937054 0.5
0.0 0.96 0.47361956737497174 0.5
0.0 0.97 0.46704486931081546 0.5
0.0 0.98 0.4620804659999825 0.5
0.0 0.99 0.45899139718331144 0.5
0.0 1.0 0.45794298222869995 0.5
0.002 0.0 0.061717961937545265 1.5
0.002 0.01 0.06223299420690949 1.5
0.002 0.02 0.06376954281083227 1.5
0.002 0.03 0.06630238642114884 1.5
0.002 0.04 0.06979086569776881 1.5
0.002 0.05 0.07418082997557622 1.5
0.002 0.06 0.07940714109125822 1.5
0.002 0.07 0.08539654278570845 1.5
0.002 0.08 0.09207068735656601 1.5
0.002 0.09 0.09934911539492003 1.5
0.002 0.1 0.10715200740680783 1.5
0.002 0.11 0.11540256362187373 1.5
0.002 0.12 0.12402891469524445 1.5
0.002 0.13 0.13296551524557634 1.5
0.002 0.14 0.14215401862262705 1.5
0.002 0.15 0.15154367049236403 1.5
0.002 0.16 0.16109128787528598 1.5
0.002 0.17 0.17076090798617719 1.5
0.002 0.18 0.18052319796819113 1.5
0.002 0.19 0.19035471396568546 1.5
0.002 0.2 0.20023708826676734 1.5
0.002 0.21 0.21015620908335103 1.5
0.002 0.22 0.22010144142364152 1.5
0.002 0.23 0.23006492154349578 1.5
0.002 0.24 0.24004094316660607 1.5
0.002 0.25 0.2500254419603141 1.5
0.002 0.26 0.2600155760146886 1.5
0.002 0.27 0.27000939423221837 1.5
0.002 0.28 0.28000558123373576 1.5
0.002 0.29 0.2900032661042136 1.5
0.002 0.3 0.3000018824770146 1.5
0.002 0.31 0.3100010685624123 1.5
0.002 0.32 0.3200005973283638 1.5
0.002 0.33 0.33000032880883534 1.5
0.002 0.34 0.3400001782241174 1.5
0.002 0.35000000000000003 0.35000009511720104 1.5
0.002 0.36 0.3600000499803728 1.5
0.002 0.37 0.37000002585634956 1.5
0.002 0.38 0.3800000131686965 1.5
0.002 0.39 0.390000006602492 1.5
0.002 0.4 0.4000000032587055 1.5
0.002 0.41000000000000003 0.410000001583208 1.5
0.002 0.42 0.42000000075713023 1.5
0.002 0.43 0.4300000003563914 1.5
0.002 0.44 0.44000000016511503 1.5
0.002 0.45 0.45000000007528285 1.5
0.002 0.46 0.4600000000337611 1.5
0.002 0.47000000000000003 0.470000000014847 1.5
0.002 0.48 0.4800000000062909 1.5
0.002 0.49 0.49000000000229155 1.5
0.002 0.5 0.5000000000000001 0.5
0.002 0.51 0.5100000000000003 0.5
0.002 0.52 0.5200000000000002 0.5
0.002 0.53 0.5300000000000002 0.5
0.002 0.54 0.54 0.5
0.002 0.55 0.5500000000000003 0.5
0.002 0.56 0.5600000000000002 0.5
0.002 0.5700000000000001 0.5700000000000002 0.5
0.002 0.58 0.5800000000000002 0.5
0.002 0.59 0.5899999999999997 0.5
0.002 0.6 0.6 0.5
0.002 0.61 0.61 0.5
0.002 0.62 0.6199999999999999 0.5
0.002 0.63 0.63 0.5
0.002 0.64 0.6400000000000001 0.5
0.002 0.65 0.6500000000000001 0.5
0.002 0.66 0.66 0.5
0.002 0.67 0.6699999999999996 0.5
0.002 0.68 0.6799999999999966 0.5
0.002 0.6900000000000001 0.6899999999999792 0.5
0.002 0.7000000000000001 0.6999999999998964 0.5
0.002 0.71 0.709999999999512 0.5
0.002 0.72 0.7199999999978084 0.5
0.002 0.73 0.7299999999906183 0.5
0.002 0.74 0.7399999999617313 0.5
0.002 0.75 0.749999999851214 0.5
0.002 0.76 0.7599999994485684 0.5
0.002 0.77 0.7699999980514698 0.5
0.002 0.78 0.7799999934341881 0.5
0.002 0.79 0.7899999788980446 0.5
0.002 0.8 0.7999999352997071 0.5
0.002 0.81 0.8099998107022595 0.5
0.002 0.8200000000000001 0.8199994713626289 0.5
0.002 0.8300000000000001 0.8299985904715017 0.5
0.002 0.84 0.839996410465869 0.5
0.002 0.85 0.8499912660358357 0.5
0.002 0.86 0.8599796870495344 0.5
0.002 0.87 0.8699548224347932 0.5
0.002 0.88 0.8799038644076901 0.5
0.002 0.89 0.8898041574684256 0.5
0.002 0.9 0.8996178173492055 0.5
0.002 0.91 0.9092850274043661 0.5
0.002 0.92 0.9187167440607115 0.5
0.002 0.93 0.9277882522703358 0.5
0.002 0.9400000000000001 0.936335660282507 0.5
0.002 0.9500000000000001 0.944157697559839 0.5
0.002 0.96 0.9510247620141036 0.5
0.002 0.97 0.9566958923086957 0.5
0.002 0.98 0.96094237056026 0.5
0.002 0.99 0.9635745065531092 0.5
0.002 1.0 0.9644665686111854 0.5
0.004 0.0 0.08734315199673404 1.5
0.004 0.01 0.08770733480693138 1.5
0.004 0.02 0.08879685469461777 1.5
0.004 0.03 0.09060270137790746 1.5
0.004 0.04 0.0931101057608211 1.5
0.004 0.05 0.09629890126927083 1.5
0.004 0.06 0.10014400890612157 1.5
0.004 0.07 0.1046160266421998 1.5
0.004 0.08 0.109681900149966 1.5
0.004 0.09 0.1153056495270831 1.5
0.004 0.1 0.12144912563094107 1.5
0.004 0.11 0.1280727699454045 1.5
0.004 0.12 0.13513635343599137 1.5
0.004 0.13 0.14259967245438163 1.5
0.004 0.14 0.15042318320574807 1.5
0.004 0.15 0.15856856033415206 1.5
0.004 0.16 0.16699916953778082 1.5
0.004 0.17 0.17568044852789058 1.5
0.004 0.18 0.1845801948474253 1.5
0.004 0.19 0.19366876286023613 1.5
0.004 0.2 0.20291917545130758 1.5
0.004 0.21 0.21230715853801546 1.5
0.004 0.22 0.2218111083324908 1.5
0.004 0.23 0.23141200241673177 1.5
0.004 0.24 0.2410932661400224 1.5
0.004 0.25 0.2508406057016158 1.5
0.004 0.26 0.2606418186433177 1.5
0.004 0.27 0.2704865914622304 1.5
0.004 0.28 0.28036629278213276 1.5
0.004 0.29 0.2902737691057801 1.5
0.004 0.3 0.30020314871071685 1.5
0.004 0.31 0.3101496578322146 1.5
0.004 0.32 0.32010945196393004 1.5
0.004 0.33 0.3300794639454877 1.5
0.004 0.34 0.34005726952361603 1.5
0.004 0.35000000000000003 0.35004097028052883 1.5
0.004 0.36 0.3600290932172976 1.5
0.004 0.37 0.37002050584813745 1.5
0.004 0.38 0.3800143453838982 1.5
0.004 0.39 0.39000996043565084 1.5
0.004 0.4 0.4000068636265801 1.5
0.004 0.41000000000000003 0.4100046935374089 1.5
0.004 0.42 0.4200031845042156 1.5
0.004 0.43 0.43000214291755934 1.5
0.004 0.44 0.44000142882144144 1.5
0.004 0.45 0.45000094176641275 1.5
0.004 0.46 0.4600006100229391 1.5
0.004 0.47000000000000003 0.4700003824017374 1.5
0.004 0.48 0.48000022205234544 1.5
0.004 0.49 0.490000101716761 1.5
0.004 0.5 0.5000000000000001 0.5
0.004 0.51 0.51 0.5
0.004 0.52 0.52 0.5
0.004 0.53 0.5299999999999994 0.5
0.004 0.54 0.5399999999999973 0.5
0.004 0.55 0.5499999999999917 0.5
0.004 0.56 0.5599999999999729 0.5
0.004 0.5700000000000001 0.5699999999999149 0.5
0.004 0.58 0.5799999999997417 0.5
0.004 0.59 0.5899999999992331 0.5
0.004 0.6 0.5999999999977806 0.5
0.004 0.61 0.6099999999937274 0.5
0.004 0.62 0.6199999999826937 0.5
0.004 0.63 0.6299999999533835 0.5
0.004 0.64 0.6399999998774022 0.5
0.004 0.65 0.6499999996851856 0.5
0.004 0.66 0.6599999992106266 0.5
0.004 0.67 0.6699999980671775 0.5
0.004 0.68 0.6799999953782023 0.5
0.004 0.6900000000000001 0.6899999892063285 0.5
0.004 0.7000000000000001 0.6999999753794128 0.5
0.004 0.71 0.7099999451429296 0.5
0.004 0.72 0.7199998805989265 0.5
0.004 0.73 0.7299997460990559 0.5
0.004 0.74 0.739999472475332 0.5
0.004 0.75 0.7499989290020607 0.5
0.004 0.76 0.7599978750420958 0.5
0.004 0.77 0.7699958792146642 0.5
0.004 0.78 0.7799921885117234 0.5
0.004 0.79 0.7899855232096272 0.5
0.004 0.8 0.799973766220111 0.5
0.004 0.81 0.8099535088639926 0.5
0.004 0.8200000000000001 0.8199194108664845 0.5
0.004 0.8300000000000001 0.8298633333889452 0.5
0.004 0.84 0.8397732134267836 0.5
0.004 0.85 0.8496316692433589 0.5
0.004 0.86 0.8594143621171009 0.5
0.004 0.87 0.869088189913574 0.5
0.004 0.88 0.8786094498787916 0.5
0.004 0.89 0.8879221743436462 0.5
0.004 0.9 0.8969569020948349 0.5
0.004 0.91 0.9056301850606876 0.5
0.004 0.92 0.9138451289315349 0.5
0.004 0.93 0.9214932145411568 0.5
0.004 0.9400000000000001 0.9284575385689556 0.5
0.004 0.9500000000000001 0.9346174524335978 0.5
0.004 0.96 0.9398543847047334 0.5
0.004 0.97 0.9440584338809345 0.5
0.004 0.98 0.9471351507930955 0.5
0.004 0.99 0.9490118287568259 0.5
0.004 1.0 0.9496426118873311 0.5
0.006 0.0 0.10699787419043327 1.5
0.006 0.01 0.10729522820979157 1.5
0.006 0.02 0.10818564059336737 1.5
0.006 0.03 0.10966418972334742 1.5
0.006 0.04 0.11172276349824894 1.5
0.006 0.05 0.11435019260355488 1.5
0.006 0.06 0.11753243195111103 1.5
0.006 0.07 0.12125278538489266 1.5
0.006 0.08 0.1254921676756519 1.5
0.006 0.09 0.13022939697394373 1.5
0.006 0.1 0.1354415102865173 1.5
0.006 0.11 0.1411040941998962 1.5
0.006 0.12 0.14719162300006997 1.5
0.006 0.13 0.1536777965198642 1.5
0.006 0.14 0.16053587046635015 1.5
0.006 0.15 0.16773897261095885 1.5
0.006 0.16 0.17526039902877974 1.5
0.006 0.17 0.18307388550965686 1.5
0.006 0.18 0.19115385028808152 1.5
0.006 0.19 0.19947560530685374 1.5
0.006 0.2 0.2080155342980042 1.5
0.006 0.21 0.2167512369939822 1.5
0.006 0.22 0.22566163973818534 1.5
0.006 0.23 0.23472707361835193 1.5
0.006 0.24 0.24392932197797118 1.5
0.006 0.25 0.25325163975581466 1.5
0.006 0.26 0.26267874755524895 1.5
0.006 0.27 0.27219680365316534 1.5
0.006 0.28 0.2817933573291023 1.5
0.006 0.29 0.29145728693933276 1.5
0.006 0.3 0.3011787260930549 1.5
0.006 0.31 0.31094898112573593 1.5
0.006 0.32 0.3207604428269452 1.5
0.006 0.33 0.33060649508594114 1.5
0.006 0.34 0.34048142278655374 1.5
0.006 0.35000000000000003 0.35038032093090327 1.5
0.006 0.36 0.36029900661468006 1.5
0.006 0.37 0.3702339351281864 1.5
0.006 0.38 0.38018212112765787 1.5
0.006 0.39 0.39014106551845495 1.5
0.006 0.4 0.4001086884209048 1.5
0.006 0.41000000000000003 0.41008326835389847 1.5
0.006 0.42 0.42006338757172 1.5
0.006 0.43 0.4300478833251934 1.5
0.006 0.44 0.4400358046868686 1.5
0.006 0.45 0.4500263744783957 1.5
0.006 0.46 0.4600189557625645 1.5
0.006 0.47000000000000003 0.47001302230845826 1.5
0.006 0.48 0.4800081324015047 1.5
0.006 0.49 0.49000390534677635 1.5
0.006 0.5 0.5000000000000001 0.5
0.006 0.51 0.5099999999977084 0.5
0.006 0.52 0.519999999993709 0.5
0.006 0.53 0.5299999999851532 0.5
0.006 0.54 0.539999999966239 0.5
0.006 0.55 0.5499999999247172 0.5
0.006 0.56 0.5599999998348855 0.5
0.006 0.5700000000000001 0.5699999996436088 0.5
0.006 0.58 0.5799999992428698 0.5
0.006 0.59 0.5899999984167923 0.5
0.006 0.6 0.5999999967412948 0.5
0.006 0.61 0.6099999933975082 0.5
0.006 0.62 0.6199999868313033 0.5
0.006 0.63 0.6299999741436505 0.5
0.006 0.64 0.6399999500196274 0.5
0.006 0.65 0.6499999048827987 0.5
0.006 0.66 0.6599998217758829 0.5
0.006 0.67 0.6699996711911645 0.5
0.006 0.68 0.6799994026716364 0.5
0.006 0.6900000000000001 0.689998931437588 0.5
0.006 0.7000000000000001 0.6999981175229855 0.5
0.006 0.71 0.7099967338957862 0.5
0.006 0.72 0.7199944187662644 0.5
0.006 0.73 0.7299906057677819 0.5
0.006 0.74 0.7399844239853113 0.5
0.006 0.75 0.7499745580396862 0.5
0.006 0.76 0.7599590568333938 0.5
0.006 0.77 0.769935078456504 0.5
0.006 0.78 0.7798985585763583 0.5
0.006 0.79 0.789843790916649 0.5
0.006 0.8 0.7997629117332326 0.5
0.006 0.81 0.8096452860343145 0.5
0.006 0.8200000000000001 0.8194768020318087 0.5
0.006 0.8300000000000001 0.8292390920138225 0.5
0.006 0.84 0.8389087121247137 0.5
0.006 0.85 0.8484563295076355 0.5
0.006 0.86 0.8578459813773727 0.5
0.006 0.87 0.8670344847544235 0.5
0.006 0.88 0.8759710853047553 0.5
0.006 0.89 0.884597436378126 0.5
0.006 0.9 0.8928479925931919 0.5
0.006 0.91 0.9006508846050798 0.5
0.006 0.92 0.9079293126434335 0.5
0.006 0.93 0.9146034572142915 0.5
0.006 0.9400000000000001 0.9205928589087415 0.5
0.006 0.9500000000000001 0.9258191700244233 0.5
0.006 0.96 0.9302091343022307 0.5
0.006 0.97 0.9336976135788508 0.5
0.006 0.98 0.9362304571891673 0.5
0.006 0.99 0.9377670057930904 0.5
0.006 1.0 0.9382820380624542 0.5
0.008 0.0 0.12356481634077389 1.5
0.008 0.01 0.12382233247499463 1.5
0.008 0.02 0.12459380901059906 1.5
0.008 0.03 0.12587604371223113 1.5
0.008 0.04 0.12766374379629408 1.5
0.008 0.05 0.12994959138110695 1.5
0.008 0.06 0.1327243332201255 1.5
0.008 0.07 0.1359768928870463 1.5
0.008 0.08 0.13969450314971363 1.5
0.008 0.09 0.14386285590164205 1.5
0.008 0.1 0.14846626672492716 1.5
0.008 0.11 0.15348785094298262 1.5
0.008 0.12 0.15890970788979908 1.5
0.008 0.13 0.16471311007527303 1.5
0.008 0.14 0.1708786939618549 1.5
0.008 0.15 0.17738664918190722 1.5
0.008 0.16 0.18421690321100373 1.5
0.008 0.17 0.1913492987611785 1.5
0.008 0.18 0.19876376145950916 1.5
0.008 0.19 0.20644045571989653 1.5
0.008 0.2 0.21435992708735718 1.5
0.008 0.21 0.22250322972226222 1.5
0.008 0.22 0.23085203808468818 1.5
0.008 0.23 0.23938874226505766 1.5
0.008 0.24 0.2480965267762253 1.5
0.008 0.25 0.25695943296514945 1.5
0.008 0.26 0.26596240551184563 1.5
0.008 0.27 0.27509132375371603 1.5
0.008 0.28 0.2843330188005632 1.5
0.008 0.29 0.29367527758735096 1.5
0.008 0.3 0.30310683514739417 1.5
0.008 0.31 0.3126173564789858 1.5
0.008 0.32 0.3221974094256419 1.5
0.008 0.33 0.3318384299973815 1.5
0.008 0.34 0.3415326815318708 1.5
0.008 0.35000000000000003 0.3512732090345162 1.5
0.008 0.36 0.3610537899508065 1.5
0.008 0.37 0.37086888251757705 1.5
0.008 0.38 0.380713572717623 1.5
0.008 0.39 0.3905835207291859 1.5
0.008 0.4 0.40047490762290744 1.5
0.008 0.41000000000000003 0.4103843829180814 1.5
0.008 0.42 0.42030901347107563 1.5
0.008 0.43 0.4302462340347616 1.5
0.008 0.44 0.44019379970123285 1.5
0.008 0.45 0.45014974032300575 1.5
0.008 0.46 0.46011231690183463 1.5
0.008 0.47000000000000003 0.4700799798402975 1.5
0.008 0.48 0.48005132887017404 1.5
0.008 0.49 0.49002507440377224 1.5
0.008 0.5 0.5000000000000001 0.5
0.008 0.51 0.5099999995311791 0.5
0.008 0.52 0.5199999988688698 0.5
0.008 0.53 0.5299999977501485 0.5
0.008 0.54 0.5399999957522402 0.5
0.008 0.55 0.5499999921550895 0.5
0.008 0.56 0.5599999857199126 0.5
0.008 0.5700000000000001 0.5699999743280482 0.5
0.008 0.58 0.5799999543951458 0.5
0.008 0.59 0.5899999199318064 0.5
0.008 0.6 0.5999998610576099 0.5
0.008 0.61 0.6099997616840103 0.5
0.008 0.62 0.6199995959540301 0.5
0.008 0.63 0.6299993228529911 0.5
0.008 0.64 0.6399988781734516 0.5
0.008 0.65 0.64999816271817 0.5
0.008 0.66 0.6599970252478402 0.5
0.008 0.67 0.6699952382202589 0.5
0.008 0.68 0.6799924638264911 0.5
0.008 0.6900000000000001 0.6899882072205228 0.5
0.008 0.7000000000000001 0.6999817531906934 0.5
0.008 0.71 0.7099720818827301 0.5
0.008 0.72 0.7199577586284169 0.5
0.008 0.73 0.7299367925598839 0.5
0.008 0.74 0.7399064586217928 0.5
0.008 0.75 0.7498630779775206 0.5
0.008 0.76 0.7598017527966286 0.5
0.008 0.77 0.7697160531596564 0.5
0.008 0.78 0.779597656445146 0.5
0.008 0.79 0.7894359431406573 0.5
0.008 0.8 0.79921755752785 0.5
0.008 0.81 0.8089259470022332 0.5
0.008 0.8200000000000001 0.8185408996364312 0.5
0.008 0.8300000000000001 0.8280381055712218 0.5
0.008 0.84 0.8373887733709762 0.5
0.008 0.85 0.8465593369473702 0.5
0.008 0.86 0.8555112913147717 0.5
0.008 0.87 0.8642011955834462 0.5
0.008 0.88 0.8725808786178162 0.5
0.008 0.89 0.880597876284766 0.5
0.008 0.9 0.8881961190862925 0.5
0.008 0.91 0.8953168754762851 0.5
0.008 0.92 0.9018999399757119 0.5
0.008 0.93 0.9078850373953024 0.5
0.008 0.9400000000000001 0.9132133964567148 0.5
0.008 0.9500000000000001 0.9178294294966138 0.5
0.008 0.96 0.9216824414234689 0.5
0.008 0.97 0.9247282822209663 0.5
0.008 0.98 0.9269308542744495 0.5
0.008 0.99 0.9282633893605471 0.5
0.008 1.0 0.9287094203895853 0.5
