0.0 0.0 1.95514177764311e-15 1.0
0.0 0.01 -0.020000000000002207 1.0
0.0 0.02 4.173360716482605e-16 1.0
0.0 0.03 -0.02000000000000311 1.0
0.0 0.04 1.3811602487540225e-15 1.0
0.0 0.05 -0.01999999999999888 1.0
0.0 0.06 3.1678263761425565e-15 1.0
0.0 0.07 -0.02000000000000228 1.0
0.0 0.08 -1.1803315885083545e-15 1.0
0.0 0.09 -0.019999999999999084 1.0
0.0 0.1 -2.507356250558663e-15 1.0
0.0 0.11 -0.01999999999999936 1.0
0.0 0.12 1.241667439853555e-15 1.0
0.0 0.13 -0.019999999999998665 1.0
0.0 0.14 -1.0833375143850936e-15 1.0
0.0 0.15 -0.01999999999999789 1.0
0.0 0.16 5.6103886587366656e-15 1.0
0.0 0.17 -0.02000000000000991 1.0
0.0 0.18 4.5623366041630664e-15 1.0
0.0 0.19 -0.019999999999997027 1.0
0.0 0.2 -3.458085641118872e-15 1.0
0.0 0.21 -0.019999999999998123 1.0
0.0 0.22 -9.5333350886615e-16 1.0
0.0 0.23 -0.020000000000002262 1.0
0.0 0.24 -3.529751393503724e-15 1.0
0.0 0.25 0.9800000000000075 1.0
0.0 0.26 0.9999999999999938 1.0
0.0 0.27 0.9800000000000059 1.0
0.0 0.28 0.9999999999999968 1.0
0.0 0.29 0.98 1.0
0.0 0.3 0.9999999999999989 1.0
0.0 0.31 0.9800000000000024 1.0
0.0 0.32 0.9999999999999991 1.0
0.0 0.33 0.9800000000000006 1.0
0.0 0.34 0.9999999999999948 1.0
0.0 0.35000000000000003 0.9800000000000021 1.0
0.0 0.36 1.0000000000000022 1.0
0.0 0.37 0.9799999999999955 1.0
0.0 0.38 0.9999999999999991 1.0
0.0 0.39 0.9799999999999994 1.0
0.0 0.4 0.9999999999999997 1.0
0.0 0.41000000000000003 0.9800000000000052 1.0
0.0 0.42 0.9999999999999992 1.0
0.0 0.43 0.9799999999999998 1.0
0.0 0.44 0.9999999999999992 1.0
0.0 0.45 0.9799999999999983 1.0
0.0 0.46 0.9999999999999951 1.0
0.0 0.47000000000000003 0.9800000000000043 1.0
0.0 0.48 1.0000000000000062 1.0
0.0 0.49 0.9799999999999957 1.0
0.0 0.5 1.000000000000003 1.0
0.0 0.51 0.9799999999999957 1.0
0.0 0.52 0.9999999999999938 1.0
0.0 0.53 0.9800000000000039 1.0
0.0 0.54 0.9999999999999984 1.0
0.0 0.55 0.979999999999996 1.0
0.0 0.56 1.0000000000000002 1.0
0.0 0.5700000000000001 0.9800000000000072 1.0
0.0 0.58 1.0000000000000042 1.0
0.0 0.59 0.9799999999999978 1.0
0.0 0.6 1.0000000000000013 1.0
0.0 0.61 0.9799999999999943 1.0
0.0 0.62 1.0000000000000029 1.0
0.0 0.63 0.9800000000000038 1.0
0.0 0.64 0.9999999999999963 1.0
0.0 0.65 0.9799999999999981 1.0
0.0 0.66 0.9999999999999998 1.0
0.0 0.67 0.9800000000000024 1.0
0.0 0.68 1.0 1.0
0.0 0.6900000000000001 0.979999999999999 1.0
0.0 0.7000000000000001 1.0000000000000042 1.0
0.0 0.71 0.9800000000000025 1.0
0.0 0.72 0.9999999999999981 1.0
0.0 0.73 0.9799999999999993 1.0
0.0 0.74 1.0000000000000004 1.0
0.0 0.75 0.9800000000000002 1.0
0.0 0.76 -2.0514096823270706e-15 1.0
0.0 0.77 -0.019999999999998887 1.0
0.0 0.78 3.488645421533403e-15 1.0
0.0 0.79 -0.020000000000002013 1.0
0.0 0.8 9.909178548720905e-17 1.0
0.0 0.81 -0.0200000000000008 1.0
0.0 0.8200000000000001 1.5477389489876106e-15 1.0
0.0 0.8300000000000001 -0.019999999999998557 1.0
0.0 0.84 -1.336680535233301e-15 1.0
0.0 0.85 -0.020000000000000986 1.0
0.0 0.86 3.4479824525759803e-15 1.0
0.0 0.87 -0.020000000000004525 1.0
0.0 0.88 1.8039648828754766e-15 1.0
0.0 0.89 -0.02000000000000071 1.0
0.0 0.9 2.8828154628903933e-15 1.0
0.0 0.91 -0.020000000000000125 1.0
0.0 0.92 -5.375513687859745e-15 1.0
0.0 0.93 -0.019999999999994758 1.0
0.0 0.9400000000000001 1.8624380233211895e-15 1.0
0.0 0.9500000000000001 -0.01999999999999644 1.0
0.0 0.96 4.992799992048361e-16 1.0
0.0 0.97 -0.02000000000000821 1.0
0.0 0.98 2.711454557710408e-15 1.0
0.0 0.99 -0.020000000000000677 1.0
0.0 1.0 -2.593303176368078e-15 1.0
0.001 0.0 -0.009999959735463597 1.0
0.001 0.01 -0.009999924619203718 1.0
0.001 0.02 -0.009999767691544531 1.0
0.001 0.03 -0.00999927283333314 1.0
0.001 0.04 -0.009997819997920751 1.0
0.001 0.05 -0.0099937701084138 1.0
0.001 0.06 -0.009983033014337284 1.0
0.001 0.07 -0.009955955442799553 1.0
0.001 0.08 -0.009890999718218121 1.0
0.001 0.09 -0.009742778498279954 1.0
0.001 0.1 -0.009421050684935366 1.0
0.001 0.11 -0.008756769262951236 1.0
0.001 0.12 -0.007452098644842323 1.0
0.001 0.13 -0.005014653036778352 1.0
0.001 0.14 -0.0006829940389953078 1.0
0.001 0.15 0.006639497241967931 1.0
0.001 0.16 0.01841416718272265 1.0
0.001 0.17 0.03642458951879947 1.0
0.001 0.18 0.06262959939143904 1.0
0.001 0.19 0.09889813613340045 1.0
0.001 0.2 0.14664677728675618 1.0
0.001 0.21 0.206443485270397 1.0
0.001 0.22 0.27767608742178324 1.0
0.001 0.23 0.35839320035755157 1.0
0.001 0.24 0.4453968970961808 1.0
0.001 0.25 0.5346031029038193 1.0
0.001 0.26 0.6216067996424487 1.0
0.001 0.27 0.702323912578217 1.0
0.001 0.28 0.7735565147296034 1.0
0.001 0.29 0.8333532227132439 1.0
0.001 0.3 0.8811018638665996 1.0
0.001 0.31 0.9173704006085613 1.0
0.001 0.32 0.9435754104812007 1.0
0.001 0.33 0.9615858328172778 1.0
0.001 0.34 0.9733605027580328 1.0
0.001 0.35000000000000003 0.9806829940389954 1.0
0.001 0.36 0.9850146530367788 1.0
0.001 0.37 0.9874520986448427 1.0
0.001 0.38 0.9887567692629522 1.0
0.001 0.39 0.9894210506849406 1.0
0.001 0.4 0.9897427784983094 1.0
0.001 0.41000000000000003 0.9898909997183774 1.0
0.001 0.42 0.9899559554436133 1.0
0.001 0.43 0.9899830330183017 1.0
0.001 0.44 0.9899937701267908 1.0
0.001 0.45 0.9899978200789845 1.0
0.001 0.46 0.9899992731736021 1.0
0.001 0.47000000000000003 0.9899997690507133 1.0
0.001 0.48 0.9899999297855606 1.0
0.001 0.49 0.9899999784233693 1.0
0.001 0.5 0.9899999889483034 1.0
0.001 0.51 0.9899999784233693 1.0
0.001 0.52 0.9899999297855605 1.0
0.001 0.53 0.9899997690507132 1.0
0.001 0.54 0.9899992731736024 1.0
0.001 0.55 0.9899978200789844 1.0
0.001 0.56 0.9899937701267909 1.0
0.001 0.5700000000000001 0.9899830330183017 1.0
0.001 0.58 0.989955955443613 1.0
0.001 0.59 0.9898909997183774 1.0
0.001 0.6 0.9897427784983094 1.0
0.001 0.61 0.9894210506849404 1.0
0.001 0.62 0.9887567692629523 1.0
0.001 0.63 0.9874520986448427 1.0
0.001 0.64 0.9850146530367783 1.0
0.001 0.65 0.9806829940389955 1.0
0.001 0.66 0.9733605027580324 1.0
0.001 0.67 0.9615858328172775 1.0
0.001 0.68 0.9435754104812004 1.0
0.001 0.6900000000000001 0.9173704006085611 1.0
0.001 0.7000000000000001 0.8811018638665997 1.0
0.001 0.71 0.8333532227132444 1.0
0.001 0.72 0.7735565147296032 1.0
0.001 0.73 0.702323912578217 1.0
0.001 0.74 0.6216067996424488 1.0
0.001 0.75 0.5346031029038196 1.0
0.001 0.76 0.44539689709618097 1.0
0.001 0.77 0.3583932003575513 1.0
0.001 0.78 0.2776760874217834 1.0
0.001 0.79 0.20644348527039671 1.0
0.001 0.8 0.1466467772867563 1.0
0.001 0.81 0.09889813613340022 1.0
0.001 0.8200000000000001 0.06262959939143903 1.0
0.001 0.8300000000000001 0.03642458951879904 1.0
0.001 0.84 0.018414167182722836 1.0
0.001 0.85 0.006639497241967651 1.0
0.001 0.86 -0.0006829940389951765 1.0
0.001 0.87 -0.005014653036778579 1.0
0.001 0.88 -0.007452098644842352 1.0
0.001 0.89 -0.00875676926295123 1.0
0.001 0.9 -0.009421050684935341 1.0
0.001 0.91 -0.009742778498280223 1.0
0.001 0.92 -0.00989099971821775 1.0
0.001 0.93 -0.009955955442799523 1.0
0.001 0.9400000000000001 -0.009983033014336905 1.0
0.001 0.9500000000000001 -0.009993770108413493 1.0
0.001 0.96 -0.009997819997920534 1.0
0.001 0.97 -0.009999272833332906 1.0
0.001 0.98 -0.009999767691544275 1.0
0.001 0.99 -0.00999992461920344 1.0
0.001 1.0 -0.00999995973546333 1.0
0.002 0.0 -0.00989460400352977 1.0
0.002 0.01 -0.009873034964855094 1.0
0.002 0.02 -0.00980178366675393 1.0
0.002 0.03 -0.00966000990167092 1.0
0.002 0.04 -0.009408923324031164 1.0
0.002 0.05 -0.008985620369903673 1.0
0.002 0.06 -0.008294408778831128 1.0
0.002 0.07 -0.007195817529359214 1.0
0.002 0.08 -0.0054938674431571485 1.0
0.002 0.09 -0.0029227336563017498 1.0
0.002 0.1 0.0008653800408348968 1.0
0.002 0.11 0.00630861978718242 1.0
0.002 0.12 0.013937005538181169 1.0
0.002 0.13 0.024363778222780116 1.0
0.002 0.14 0.038263612992238384 1.0
0.002 0.15 0.05633585191003175 1.0
0.002 0.16 0.07925280653028924 1.0
0.002 0.17 0.1075957195442987 1.0
0.002 0.18 0.14178379861874368 1.0
0.002 0.19 0.18200430677077176 1.0
0.002 0.2 0.2281533864441598 1.0
0.002 0.21 0.2797975411902466 1.0
0.002 0.22 0.33616415439205194 1.0
0.002 0.23 0.3961661018134946 1.0
0.002 0.24 0.45846084347475596 1.0
0.002 0.25 0.5215391565252536 1.0
0.002 0.26 0.5838338981865314 1.0
0.002 0.27 0.6438358456080323 1.0
0.002 0.28 0.7002024588100233 1.0
0.002 0.29 0.7518466135566865 1.0
0.002 0.3 0.797995693231819 1.0
0.002 0.31 0.8382162013889902 1.0
0.002 0.32 0.8724042804782233 1.0
0.002 0.33 0.9007471935336839 1.0
0.002 0.34 0.923664148267218 1.0
0.002 0.35000000000000003 0.9417363874868007 1.0
0.002 0.36 0.9556362230400732 1.0
0.002 0.37 0.96606299770919 1.0
0.002 0.38 0.9736913883581443 1.0
0.002 0.39 0.9791346398880598 1.0
0.002 0.4 0.9829227812179199 1.0
0.002 0.41000000000000003 0.9854939781639851 1.0
0.002 0.42 0.9871960689505562 1.0
0.002 0.43 0.9882949656758288 1.0
0.002 0.44 0.9889868236004181 1.0
0.002 0.45 0.9894114591784228 1.0
0.002 0.46 0.9896652230710171 1.0
0.002 0.47000000000000003 0.989812237652794 1.0
0.002 0.48 0.9898934836349093 1.0
0.002 0.49 0.9899336208155569 1.0
0.002 0.5 0.98994565267286 1.0
0.002 0.51 0.9899336208155569 1.0
0.002 0.52 0.9898934836349093 1.0
0.002 0.53 0.989812237652794 1.0
0.002 0.54 0.9896652230710172 1.0
0.002 0.55 0.9894114591784228 1.0
0.002 0.56 0.9889868236004179 1.0
0.002 0.5700000000000001 0.9882949656758288 1.0
0.002 0.58 0.9871960689505562 1.0
0.002 0.59 0.9854939781639851 1.0
0.002 0.6 0.98292278121792 1.0
0.002 0.61 0.9791346398880594 1.0
0.002 0.62 0.9736913883581442 1.0
0.002 0.63 0.9660629977091898 1.0
0.002 0.64 0.9556362230400729 1.0
0.002 0.65 0.9417363874868004 1.0
0.002 0.66 0.9236641482672174 1.0
0.002 0.67 0.9007471935336837 1.0
0.002 0.68 0.8724042804782228 1.0
0.002 0.6900000000000001 0.8382162013889901 1.0
0.002 0.7000000000000001 0.7979956932318187 1.0
0.002 0.71 0.7518466135566868 1.0
0.002 0.72 0.7002024588100233 1.0
0.002 0.73 0.6438358456080322 1.0
0.002 0.74 0.5838338981865314 1.0
0.002 0.75 0.5215391565252538 1.0
0.002 0.76 0.45846084347475613 1.0
0.002 0.77 0.39616610181349443 1.0
0.002 0.78 0.3361641543920521 1.0
0.002 0.79 0.27979754119024647 1.0
0.002 0.8 0.2281533864441598 1.0
0.002 0.81 0.18200430677077153 1.0
0.002 0.8200000000000001 0.14178379861874366 1.0
0.002 0.8300000000000001 0.1075957195442982 1.0
0.002 0.84 0.07925280653028943 1.0
0.002 0.85 0.0563358519100317 1.0
0.002 0.86 0.03826361299223861 1.0
0.002 0.87 0.024363778222780005 1.0
0.002 0.88 0.013937005538181248 1.0
0.002 0.89 0.0063086197871824274 1.0
0.002 0.9 0.0008653800408350166 1.0
0.002 0.91 -0.0029227336563018903 1.0
0.002 0.92 -0.005493867443156923 1.0
0.002 0.93 -0.0071958175293592086 1.0
0.002 0.9400000000000001 -0.008294408778830795 1.0
0.002 0.9500000000000001 -0.008985620369903417 1.0
0.002 0.96 -0.009408923324030944 1.0
0.002 0.97 -0.009660009901670714 1.0
0.002 0.98 -0.00980178366675378 1.0
0.002 0.99 -0.009873034964854853 1.0
0.002 1.0 -0.009894604003529548 1.0
0.003 0.0 -0.008449879370808445 1.0
0.003 0.01 -0.008307783874235936 1.0
0.003 0.02 -0.007864916869193234 1.0
0.003 0.03 -0.007070967090402765 1.0
0.003 0.04 -0.005840284353081427 1.0
0.003 0.05 -0.004049533694139498 1.0
0.003 0.06 -0.001535104144592509 1.0
0.003 0.07 0.0019090626017199612 1.0
0.003 0.08 0.0065324204318623165 1.0
0.003 0.09 0.012626660089807732 1.0
0.003 0.1 0.02052156185895227 1.0
0.003 0.11 0.03057708798888586 1.0
0.003 0.12 0.04317117868457669 1.0
0.003 0.13 0.058683080714096475 1.0
0.003 0.14 0.07747251755693609 1.0
0.003 0.15 0.09985556659493698 1.0
0.003 0.16 0.12607868185715962 1.0
0.003 0.17 0.15629281276095935 1.0
0.003 0.18 0.1905299353143293 1.0
0.003 0.19 0.22868445377942706 1.0
0.003 0.2 0.27050179060048635 1.0
0.003 0.21 0.3155760382431779 1.0
0.003 0.22 0.3633578204250935 1.0
0.003 0.23 0.4131725702198382 1.0
0.003 0.24 0.4642483867030816 1.0
0.003 0.25 0.5157516135143478 1.0
0.003 0.26 0.5668274301500038 1.0
0.003 0.27 0.6166421803445338 1.0
0.003 0.28 0.664423963415021 1.0
0.003 0.29 0.7094982129494497 1.0
0.003 0.3 0.7513155537099238 1.0
0.003 0.31 0.7894700802316512 1.0
0.003 0.32 0.8237072189793538 1.0
0.003 0.33 0.8539213818808633 1.0
0.003 0.34 0.8801445592905509 1.0
0.003 0.35000000000000003 0.9025277269784329 1.0
0.003 0.36 0.9213173864792119 1.0
0.003 0.37 0.9368296992063605 1.0
0.003 0.38 0.9494245344699002 1.0
0.003 0.39 0.9594813872856862 1.0
0.003 0.4 0.9673786123046747 1.0
0.003 0.41000000000000003 0.9734768501987534 1.0
0.003 0.42 0.9781069698647983 1.0
0.003 0.43 0.9815623738982944 1.0
0.003 0.44 0.9840951533516721 1.0
0.003 0.45 0.9859153450990623 1.0
0.003 0.46 0.9871924356545718 1.0
0.003 0.47000000000000003 0.9880582495166097 1.0
0.003 0.48 0.9886104312313859 1.0
0.003 0.49 0.9889158505618838 1.0
0.003 0.5 0.9890134054374533 1.0
0.003 0.51 0.9889158505618838 1.0
0.003 0.52 0.9886104312313861 1.0
0.003 0.53 0.9880582495166098 1.0
0.003 0.54 0.9871924356545718 1.0
0.003 0.55 0.9859153450990622 1.0
0.003 0.56 0.9840951533516721 1.0
0.003 0.5700000000000001 0.9815623738982944 1.0
0.003 0.58 0.9781069698647982 1.0
0.003 0.59 0.9734768501987534 1.0
0.003 0.6 0.9673786123046747 1.0
0.003 0.61 0.9594813872856862 1.0
0.003 0.62 0.9494245344699002 1.0
0.003 0.63 0.9368296992063605 1.0
0.003 0.64 0.9213173864792115 1.0
0.003 0.65 0.9025277269784329 1.0
0.003 0.66 0.8801445592905504 1.0
0.003 0.67 0.8539213818808631 1.0
0.003 0.68 0.8237072189793533 1.0
0.003 0.6900000000000001 0.789470080231651 1.0
0.003 0.7000000000000001 0.7513155537099236 1.0
0.003 0.71 0.7094982129494501 1.0
0.003 0.72 0.6644239634150209 1.0
0.003 0.73 0.616642180344534 1.0
0.003 0.74 0.5668274301500038 1.0
0.003 0.75 0.515751613514348 1.0
0.003 0.76 0.46424838670308183 1.0
0.003 0.77 0.4131725702198381 1.0
0.003 0.78 0.3633578204250936 1.0
0.003 0.79 0.3155760382431778 1.0
0.003 0.8 0.27050179060048635 1.0
0.003 0.81 0.22868445377942678 1.0
0.003 0.8200000000000001 0.19052993531432927 1.0
0.003 0.8300000000000001 0.15629281276095902 1.0
0.003 0.84 0.12607868185715992 1.0
0.003 0.85 0.09985556659493697 1.0
0.003 0.86 0.07747251755693634 1.0
0.003 0.87 0.05868308071409644 1.0
0.003 0.88 0.043171178684576844 1.0
0.003 0.89 0.030577087988885848 1.0
0.003 0.9 0.02052156185895235 1.0
0.003 0.91 0.012626660089807633 1.0
0.003 0.92 0.006532420431862499 1.0
0.003 0.93 0.0019090626017199599 1.0
0.003 0.9400000000000001 -0.001535104144592233 1.0
0.003 0.9500000000000001 -0.004049533694139265 1.0
0.003 0.96 -0.005840284353081139 1.0
0.003 0.97 -0.0070709670904025934 1.0
0.003 0.98 -0.00786491686919296 1.0
0.003 0.99 -0.008307783874235702 1.0
0.003 1.0 -0.008449879370808216 1.0
