0.0 0.0 0.0 1.0
0.0 0.01 0.0007056215632176145 1.0
0.0 0.02 0.001516904883766025 1.0
0.0 0.03 0.0025477330613513653 1.0
0.0 0.04 0.003928202694710762 1.0
0.0 0.05 0.0058121035859529475 1.0
0.0 0.06 0.008383504395161416 1.0
0.0 0.07 0.011861939196877419 1.0
0.0 0.08 0.016505568479020214 1.0
0.0 0.09 0.02261160161800129 1.0
0.0 0.1 0.03051325116734126 1.0
0.0 0.11 0.04057257430604445 1.0
0.0 0.12 0.053168766282242444 1.0
0.0 0.13 0.06868181194882625 1.0
0.0 0.14 0.08747186093647454 1.0
0.0 0.15 0.10985523221627777 1.0
0.0 0.16 0.1360785143074228 1.0
0.0 0.17 0.1662927301532394 1.0
0.0 0.18 0.20052989524054327 1.0
0.0 0.19 0.2386844346520845 1.0
0.0 0.2 0.28050178161802103 1.0
0.0 0.21 0.32557603409291425 1.0
0.0 0.22 0.3733578185384579 1.0
0.0 0.23 0.42317256937606457 1.0
0.0 0.24 0.47424838633181743 1.0
0.0 0.25 0.525751613353634 1.0
0.0 0.26 0.5768274300815602 1.0
0.0 0.27 0.6266421803158584 1.0
0.0 0.28 0.6744239634032017 1.0
0.0 0.29 0.7194982129446571 1.0
0.0 0.3 0.7613155537080116 1.0
0.0 0.31 0.7994700802309007 1.0
0.0 0.32 0.8337072189790642 1.0
0.0 0.33 0.8639213818807531 1.0
0.0 0.34 0.8901445592905096 1.0
0.0 0.35000000000000003 0.9125277269784178 1.0
0.0 0.36 0.9313173864792059 1.0
0.0 0.37 0.9468296992063584 1.0
0.0 0.38 0.959424534469899 1.0
0.0 0.39 0.9694813872856858 1.0
0.0 0.4 0.9773786123046745 1.0
0.0 0.41000000000000003 0.983476850198753 1.0
0.0 0.42 0.9881069698647978 1.0
0.0 0.43 0.9915623738982944 1.0
0.0 0.44 0.9940951533516718 1.0
0.0 0.45 0.9959153450990622 1.0
0.0 0.46 0.9971924356545717 1.0
0.0 0.47000000000000003 0.9980582495166093 1.0
0.0 0.48 0.9986104312313859 1.0
0.0 0.49 0.9989158505618836 1.0
0.0 0.5 0.9990134054374532 1.0
0.0 0.51 0.9989158505618836 1.0
0.0 0.52 0.9986104312313859 1.0
0.0 0.53 0.9980582495166093 1.0
0.0 0.54 0.9971924356545715 1.0
0.0 0.55 0.9959153450990623 1.0
0.0 0.56 0.9940951533516719 1.0
0.0 0.5700000000000001 0.9915623738982944 1.0
0.0 0.58 0.9881069698647982 1.0
0.0 0.59 0.9834768501987529 1.0
0.0 0.6 0.9773786123046747 1.0
0.0 0.61 0.9694813872856858 1.0
0.0 0.62 0.9594245344698992 1.0
0.0 0.63 0.9468296992063585 1.0
0.0 0.64 0.9313173864792057 1.0
0.0 0.65 0.912527726978418 1.0
0.0 0.66 0.8901445592905094 1.0
0.0 0.67 0.863921381880753 1.0
0.0 0.68 0.833707218979064 1.0
0.0 0.6900000000000001 0.7994700802309006 1.0
0.0 0.7000000000000001 0.7613155537080115 1.0
0.0 0.71 0.7194982129446577 1.0
0.0 0.72 0.6744239634032018 1.0
0.0 0.73 0.6266421803158584 1.0
0.0 0.74 0.5768274300815603 1.0
0.0 0.75 0.525751613353634 1.0
0.0 0.76 0.4742483863318177 1.0
0.0 0.77 0.4231725693760645 1.0
0.0 0.78 0.3733578185384581 1.0
0.0 0.79 0.3255760340929143 1.0
0.0 0.8 0.28050178161802125 1.0
0.0 0.81 0.23868443465208428 1.0
0.0 0.8200000000000001 0.2005298952405432 1.0
0.0 0.8300000000000001 0.16629273015323917 1.0
0.0 0.84 0.13607851430742296 1.0
0.0 0.85 0.10985523221627784 1.0
0.0 0.86 0.08747186093647459 1.0
0.0 0.87 0.0686818119488262 1.0
0.0 0.88 0.053168766282242694 1.0
0.0 0.89 0.04057257430604453 1.0
0.0 0.9 0.030513251167341483 1.0
0.0 0.91 0.02261160161800106 1.0
0.0 0.92 0.016505568479020315 1.0
0.0 0.93 0.011861939196877218 1.0
0.0 0.9400000000000001 0.008383504395161716 1.0
0.0 0.9500000000000001 0.0058121035859532485 1.0
0.0 0.96 0.003928202694711046 1.0
0.0 0.97 0.002547733061351236 1.0
0.0 0.98 0.001516904883765993 1.0
0.0 0.99 0.0007056215632175182 1.0
0.0 1.0 -1.801741098559485e-18 1.0
0.001 0.0 0.0 1.0
0.001 0.01 6.432910012360008e-08 1.0
0.001 0.02 2.294197316324587e-07 1.0
0.001 0.03 7.264476851164186e-07 1.0
0.001 0.04 2.179831694049592e-06 1.0
0.001 0.05 6.229853143108684e-06 1.0
0.001 0.06 1.6966977405135458e-05 1.0
0.001 0.07 4.404455551186419e-05 1.0
0.001 0.08 0.00010900028145308112 1.0
0.001 0.09 0.00025722150165891896 1.0
0.001 0.1 0.0005789493150535652 1.0
0.001 0.11 0.001243230737046632 1.0
0.001 0.12 0.0025479013551570687 1.0
0.001 0.13 0.004985346963221208 1.0
0.001 0.14 0.009317005961004246 1.0
0.001 0.15 0.016639497241967467 1.0
0.001 0.16 0.028414167182722248 1.0
0.001 0.17 0.046424589518799006 1.0
0.001 0.18 0.07262959939143876 1.0
0.001 0.19 0.10889813613340003 1.0
0.001 0.2 0.15664677728675572 1.0
0.001 0.21 0.21644348527039659 1.0
0.001 0.22 0.28767608742178297 1.0
0.001 0.23 0.36839320035755113 1.0
0.001 0.24 0.4553968970961801 1.0
0.001 0.25 0.5446031029038187 1.0
0.001 0.26 0.6316067996424481 1.0
0.001 0.27 0.7123239125782165 1.0
0.001 0.28 0.7835565147296031 1.0
0.001 0.29 0.8433532227132436 1.0
0.001 0.3 0.8911018638665994 1.0
0.001 0.31 0.9273704006085607 1.0
0.001 0.32 0.9535754104812009 1.0
0.001 0.33 0.9715858328172775 1.0
0.001 0.34 0.983360502758032 1.0
0.001 0.35000000000000003 0.9906829940389953 1.0
0.001 0.36 0.9950146530367783 1.0
0.001 0.37 0.9974520986448421 1.0
0.001 0.38 0.9987567692629519 1.0
0.001 0.39 0.9994210506849405 1.0
0.001 0.4 0.9997427784983093 1.0
0.001 0.41000000000000003 0.999890999718377 1.0
0.001 0.42 0.9999559554436134 1.0
0.001 0.43 0.9999830330183014 1.0
0.001 0.44 0.9999937701267902 1.0
0.001 0.45 0.9999978200789841 1.0
0.001 0.46 0.9999992731736022 1.0
0.001 0.47000000000000003 0.9999997690507132 1.0
0.001 0.48 0.9999999297855608 1.0
0.001 0.49 0.9999999784233695 1.0
0.001 0.5 0.9999999889483031 1.0
0.001 0.51 0.9999999784233697 1.0
0.001 0.52 0.9999999297855606 1.0
0.001 0.53 0.9999997690507132 1.0
0.001 0.54 0.9999992731736024 1.0
0.001 0.55 0.9999978200789845 1.0
0.001 0.56 0.9999937701267905 1.0
0.001 0.5700000000000001 0.9999830330183016 1.0
0.001 0.58 0.9999559554436134 1.0
0.001 0.59 0.9998909997183766 1.0
0.001 0.6 0.9997427784983095 1.0
0.001 0.61 0.99942105068494 1.0
0.001 0.62 0.9987567692629522 1.0
0.001 0.63 0.9974520986448422 1.0
0.001 0.64 0.9950146530367777 1.0
0.001 0.65 0.9906829940389955 1.0
0.001 0.66 0.9833605027580316 1.0
0.001 0.67 0.9715858328172775 1.0
0.001 0.68 0.9535754104812005 1.0
0.001 0.6900000000000001 0.9273704006085608 1.0
0.001 0.7000000000000001 0.8911018638665997 1.0
0.001 0.71 0.8433532227132445 1.0
0.001 0.72 0.7835565147296035 1.0
0.001 0.73 0.7123239125782167 1.0
0.001 0.74 0.6316067996424486 1.0
0.001 0.75 0.5446031029038191 1.0
0.001 0.76 0.4553968970961805 1.0
0.001 0.77 0.36839320035755085 1.0
0.001 0.78 0.2876760874217831 1.0
0.001 0.79 0.21644348527039628 1.0
0.001 0.8 0.15664677728675583 1.0
0.001 0.81 0.10889813613339994 1.0
0.001 0.8200000000000001 0.0726295993914385 1.0
0.001 0.8300000000000001 0.046424589518798826 1.0
0.001 0.84 0.028414167182722393 1.0
0.001 0.85 0.016639497241967553 1.0
0.001 0.86 0.009317005961004514 1.0
0.001 0.87 0.004985346963221363 1.0
0.001 0.88 0.0025479013551572916 1.0
0.001 0.89 0.0012432307370469193 1.0
0.001 0.9 0.0005789493150539978 1.0
0.001 0.91 0.00025722150165897214 1.0
0.001 0.92 0.00010900028145329941 1.0
0.001 0.93 4.4044555511665483e-05 1.0
0.001 0.9400000000000001 1.6966977405613005e-05 1.0
0.001 0.9500000000000001 6.2298531434077416e-06 1.0
0.001 0.96 2.17983169438443e-06 1.0
0.001 0.97 7.264476849189222e-07 1.0
0.001 0.98 2.2941973157608056e-07 1.0
0.001 0.99 6.43290999398152e-08 1.0
0.001 1.0 -1.3574630709111144e-17 1.0
0.0 0.0 0.0 1.0
0.0 0.01 0.06780466608970934 1.0
0.0 0.02 0.1346605343071336 1.0
0.0 0.03 0.19964145801158048 1.0
0.0 0.04 0.2618660359790339 1.0
0.0 0.05 0.32051860620986067 1.0
0.0 0.06 0.37486862312182956 1.0
0.0 0.07 0.42428794169547707 1.0
0.0 0.08 0.4682655836738671 1.0
0.0 0.09 0.506419622915522 1.0
0.0 0.1 0.5385058979311768 1.0
0.0 0.11 0.5644233377554625 1.0
0.0 0.12 0.5842157706900745 1.0
0.0 0.13 0.598070172052202 1.0
0.0 0.14 0.6063113947386931 1.0
0.0 0.15 0.6093935130137011 1.0
0.0 0.16 0.6078879933131263 1.0
0.0 0.17 0.602468983979773 1.0
0.0 0.18 0.5938960867752524 1.0
0.0 0.19 0.5829950350116485 1.0
0.0 0.2 0.5706367546813206 1.0
0.0 0.21 0.5577153247679324 1.0
0.0 0.22 0.5451253800157967 1.0
0.0 0.23 0.5337395131507495 1.0
0.0 0.24 0.5243862335463165 1.0
0.0 0.25 0.5178290256138754 1.0
0.0 0.26 0.5147470231026182 1.0
0.0 0.27 0.5157177756914576 1.0
0.0 0.28 0.521202532720759 1.0
0.0 0.29 0.5315344069158474 1.0
0.0 0.3 0.5469097100232012 1.0
0.0 0.31 0.5673826741606874 1.0
0.0 0.32 0.592863689298682 1.0
0.0 0.33 0.6231211006926775 1.0
0.0 0.34 0.6577865224123195 1.0
0.0 0.35000000000000003 0.6963635365156072 1.0
0.0 0.36 0.7382395640325516 1.0
0.0 0.37 0.7827006158031239 1.0
0.0 0.38 0.82894856028343 1.0
0.0 0.39 0.8761204834382887 1.0
0.0 0.4 0.9233096643043126 1.0
0.0 0.41000000000000003 0.9695876500041952 1.0
0.0 0.42 1.0140268869002476 1.0
0.0 0.43 1.0557233508604997 1.0
0.0 0.44 1.0938186196115363 1.0
0.0 0.45 1.1275208438687534 1.0
0.0 0.46 1.1561241010291043 1.0
0.0 0.47000000000000003 1.179025655016556 1.0
0.0 0.48 1.195740697406291 1.0
0.0 0.49 1.2059142069511717 1.0
0.0 0.5 1.2093296355666134 1.0
0.0 0.51 1.2059142069511717 1.0
0.0 0.52 1.195740697406291 1.0
0.0 0.53 1.179025655016556 1.0
0.0 0.54 1.1561241010291043 1.0
0.0 0.55 1.1275208438687534 1.0
0.0 0.56 1.0938186196115365 1.0
0.0 0.5700000000000001 1.0557233508604997 1.0
0.0 0.58 1.0140268869002478 1.0
0.0 0.59 0.9695876500041953 1.0
0.0 0.6 0.9233096643043129 1.0
0.0 0.61 0.8761204834382891 1.0
0.0 0.62 0.8289485602834302 1.0
0.0 0.63 0.7827006158031239 1.0
0.0 0.64 0.7382395640325516 1.0
0.0 0.65 0.6963635365156071 1.0
0.0 0.66 0.6577865224123194 1.0
0.0 0.67 0.6231211006926773 1.0
0.0 0.68 0.592863689298682 1.0
0.0 0.6900000000000001 0.5673826741606873 1.0
0.0 0.7000000000000001 0.5469097100232012 1.0
0.0 0.71 0.5315344069158475 1.0
0.0 0.72 0.521202532720759 1.0
0.0 0.73 0.5157177756914575 1.0
0.0 0.74 0.5147470231026181 1.0
0.0 0.75 0.5178290256138752 1.0
0.0 0.76 0.5243862335463166 1.0
0.0 0.77 0.5337395131507496 1.0
0.0 0.78 0.5451253800157966 1.0
0.0 0.79 0.5577153247679325 1.0
0.0 0.8 0.5706367546813206 1.0
0.0 0.81 0.5829950350116484 1.0
0.0 0.8200000000000001 0.5938960867752526 1.0
0.0 0.8300000000000001 0.6024689839797729 1.0
0.0 0.84 0.6078879933131263 1.0
0.0 0.85 0.6093935130137008 1.0
0.0 0.86 0.606311394738693 1.0
0.0 0.87 0.5980701720522017 1.0
0.0 0.88 0.5842157706900746 1.0
0.0 0.89 0.5644233377554624 1.0
0.0 0.9 0.5385058979311768 1.0
0.0 0.91 0.5064196229155218 1.0
0.0 0.92 0.468265583673867 1.0
0.0 0.93 0.4242879416954766 1.0
0.0 0.9400000000000001 0.3748686231218292 1.0
0.0 0.9500000000000001 0.3205186062098606 1.0
0.0 0.96 0.26186603597903424 1.0
0.0 0.97 0.19964145801158076 1.0
0.0 0.98 0.13466053430713393 1.0
0.0 0.99 0.06780466608970963 1.0
0.0 1.0 2.6493362786326245e-16 1.0
0.001 0.0 0.0 1.0
0.001 0.01 0.010000000000000092 1.0
0.001 0.02 0.020000000000000157 1.0
0.001 0.03 0.030000000000000235 1.0
0.001 0.04 0.040000000000000265 1.0
0.001 0.05 0.05000000000000029 1.0
0.001 0.06 0.0600000000000003 1.0
0.001 0.07 0.07000000000000026 1.0
0.001 0.08 0.08000000000000025 1.0
0.001 0.09 0.09000000000000014 1.0
0.001 0.1 0.10000000000000012 1.0
0.001 0.11 0.11000000000000008 1.0
0.001 0.12 0.12000000000000004 1.0
0.001 0.13 0.12999999999999998 1.0
0.001 0.14 0.14000000000000004 1.0
0.001 0.15 0.14999999999999988 1.0
0.001 0.16 0.16000000000000003 1.0
0.001 0.17 0.16999999999999993 1.0
0.001 0.18 0.18 1.0
0.001 0.19 0.18999999999999997 1.0
0.001 0.2 0.19999999999999987 1.0
0.001 0.21 0.20999999999999983 1.0
0.001 0.22 0.21999999999999995 1.0
0.001 0.23 0.22999999999999998 1.0
0.001 0.24 0.24 1.0
0.001 0.25 0.2500000000000001 1.0
0.001 0.26 0.26000000000000023 1.0
0.001 0.27 0.2700000000000002 1.0
0.001 0.28 0.28000000000000025 1.0
0.001 0.29 0.29000000000000026 1.0
0.001 0.3 0.30000000000000027 1.0
0.001 0.31 0.3100000000000002 1.0
0.001 0.32 0.3200000000000001 1.0
0.001 0.33 0.33 1.0
0.001 0.34 0.34000000000000014 1.0
0.001 0.35000000000000003 0.34999999999999987 1.0
0.001 0.36 0.36000000000000015 1.0
0.001 0.37 0.3700000000000004 1.0
0.001 0.38 0.37999999999999984 1.0
0.001 0.39 0.39 1.0
0.001 0.4 0.39999999999999997 1.0
0.001 0.41000000000000003 0.41 1.0
0.001 0.42 0.42000000000000004 1.0
0.001 0.43 0.4300000000000002 1.0
0.001 0.44 0.44000000000000017 1.0
0.001 0.45 0.4500000000000002 1.0
0.001 0.46 0.4600000000000004 1.0
0.001 0.47000000000000003 0.47000000000000025 1.0
0.001 0.48 0.4800000000000001 1.0
0.001 0.49 0.4900000000000001 1.0
0.001 0.5 0.5 1.0
0.001 0.51 0.5100000000000003 1.0
0.001 0.52 0.52 1.0
0.001 0.53 0.5300000000000001 1.0
0.001 0.54 0.5399999999999996 1.0
0.001 0.55 0.5499999999999999 1.0
0.001 0.56 0.5600000000000005 1.0
0.001 0.5700000000000001 0.570000000000001 1.0
0.001 0.58 0.5800000000000004 1.0
0.001 0.59 0.5900000000000004 1.0
0.001 0.6 0.5999999999999999 1.0
0.001 0.61 0.6100000000000002 1.0
0.001 0.62 0.6199999999999997 1.0
0.001 0.63 0.6299999999999991 1.0
0.001 0.64 0.6399999999999986 1.0
0.001 0.65 0.6499999999999939 1.0
0.001 0.66 0.6599999999999645 1.0
0.001 0.67 0.6699999999998056 1.0
0.001 0.68 0.679999999998992 1.0
0.001 0.6900000000000001 0.6899999999950271 1.0
0.001 0.7000000000000001 0.6999999999766505 1.0
0.001 0.71 0.709999999895586 1.0
0.001 0.72 0.7199999995553166 1.0
0.001 0.73 0.7299999981961472 1.0
0.001 0.74 0.7399999930297897 1.0
0.001 0.75 0.7499999743418838 1.0
0.001 0.76 0.7599999100127837 1.0
0.001 0.77 0.7699996992809579 1.0
0.001 0.78 0.7799990423287302 1.0
0.001 0.79 0.7899970932759371 1.0
0.001 0.8 0.7999915902107488 1.0
0.001 0.81 0.8099768031461009 1.0
0.001 0.8200000000000001 0.8199389884621098 1.0
0.001 0.8300000000000001 0.8298469551620264 1.0
0.001 0.84 0.8396337782166926 1.0
0.001 0.85 0.8491638291832511 1.0
0.001 0.86 0.8581778199478933 1.0
0.001 0.87 0.8662088679077942 1.0
0.001 0.88 0.8724667516816215 1.0
0.001 0.89 0.875697647075774 1.0
0.001 0.9 0.8740434967970281 1.0
0.001 0.91 0.8649463355753099 1.0
0.001 0.92 0.8451612432984785 1.0
0.001 0.93 0.8109458110897616 1.0
0.001 0.9400000000000001 0.7584722644751605 1.0
0.001 0.9500000000000001 0.6844550865798441 1.0
0.001 0.96 0.5869097374428485 1.0
0.001 0.97 0.46588042730782053 1.0
0.001 0.98 0.3239307122206666 1.0
0.001 0.99 0.1662099025462683 1.0
0.001 1.0 6.952530039232149e-16 1.0
0.002 0.0 0.0 1.0
0.002 0.01 0.010000000000000042 1.0
0.002 0.02 0.02000000000000006 1.0
0.002 0.03 0.030000000000000117 1.0
0.002 0.04 0.04000000000000014 1.0
0.002 0.05 0.05000000000000015 1.0
0.002 0.06 0.060000000000000185 1.0
0.002 0.07 0.07000000000000012 1.0
0.002 0.08 0.08000000000000015 1.0
0.002 0.09 0.09000000000000012 1.0
0.002 0.1 0.10000000000000009 1.0
0.002 0.11 0.1100000000000001 1.0
0.002 0.12 0.12000000000000006 1.0
0.002 0.13 0.12999999999999998 1.0
0.002 0.14 0.1400000000000001 1.0
0.002 0.15 0.15 1.0
0.002 0.16 0.16 1.0
0.002 0.17 0.17 1.0
0.002 0.18 0.18000000000000005 1.0
0.002 0.19 0.18999999999999995 1.0
0.002 0.2 0.20000000000000004 1.0
0.002 0.21 0.21 1.0
0.002 0.22 0.21999999999999983 1.0
0.002 0.23 0.22999999999999995 1.0
0.002 0.24 0.24 1.0
0.002 0.25 0.2500000000000001 1.0
0.002 0.26 0.2600000000000001 1.0
0.002 0.27 0.27000000000000013 1.0
0.002 0.28 0.2800000000000001 1.0
0.002 0.29 0.29000000000000004 1.0
0.002 0.3 0.30000000000000004 1.0
0.002 0.31 0.3100000000000001 1.0
0.002 0.32 0.32000000000000006 1.0
0.002 0.33 0.33000000000000007 1.0
0.002 0.34 0.3400000000000002 1.0
0.002 0.35000000000000003 0.35 1.0
0.002 0.36 0.3600000000000002 1.0
0.002 0.37 0.3700000000000003 1.0
0.002 0.38 0.38000000000000017 1.0
0.002 0.39 0.39000000000000024 1.0
0.002 0.4 0.4000000000000002 1.0
0.002 0.41000000000000003 0.4100000000000002 1.0
0.002 0.42 0.42000000000000015 1.0
0.002 0.43 0.43000000000000005 1.0
0.002 0.44 0.4400000000000003 1.0
0.002 0.45 0.4500000000000003 1.0
0.002 0.46 0.46000000000000035 1.0
0.002 0.47000000000000003 0.4700000000000001 1.0
0.002 0.48 0.4799999999999998 1.0
0.002 0.49 0.4899999999999995 1.0
0.002 0.5 0.4999999999999973 1.0
0.002 0.51 0.5099999999999894 1.0
0.002 0.52 0.5199999999999643 1.0
0.002 0.53 0.5299999999998805 1.0
0.002 0.54 0.5399999999996106 1.0
0.002 0.55 0.5499999999987639 1.0
0.002 0.56 0.5599999999961739 1.0
0.002 0.5700000000000001 0.5699999999884402 1.0
0.002 0.58 0.5799999999659179 1.0
0.002 0.59 0.5899999999019451 1.0
0.002 0.6 0.5999999997246956 1.0
0.002 0.61 0.6099999992456572 1.0
0.002 0.62 0.6199999979828036 1.0
0.002 0.63 0.6299999947354329 1.0
0.002 0.64 0.6399999865901063 1.0
0.002 0.65 0.6499999666612115 1.0
0.002 0.66 0.6599999190995938 1.0
0.002 0.67 0.6699998083787655 1.0
0.002 0.68 0.6799995569575685 1.0
0.002 0.6900000000000001 0.6899990000605702 1.0
0.002 0.7000000000000001 0.6999977968300556 1.0
0.002 0.71 0.7099952609756639 1.0
0.002 0.72 0.7199900478063175 1.0
0.002 0.73 0.7299795938202764 1.0
0.002 0.74 0.7399591451502221 1.0
0.002 0.75 0.7499201283381948 1.0
0.002 0.76 0.7598475106301901 1.0
0.002 0.77 0.7697156734813867 1.0
0.002 0.78 0.7794821997481479 1.0
0.002 0.79 0.7890788854193852 1.0
0.002 0.8 0.7983992827182711 1.0
0.002 0.81 0.807282232318679 1.0
0.002 0.8200000000000001 0.8154912262476205 1.0
0.002 0.8300000000000001 0.822690128014948 1.0
0.002 0.84 0.8284167927206934 1.0
0.002 0.85 0.8320574345158731 1.0
0.002 0.86 0.8328260335107714 1.0
0.002 0.87 0.8297543880845308 1.0
0.002 0.88 0.8216992215036064 1.0
0.002 0.89 0.8073726108021783 1.0
0.002 0.9 0.7854005358520733 1.0
0.002 0.91 0.7544113418349836 1.0
0.002 0.92 0.7131514740234679 1.0
0.002 0.93 0.6606204818710402 1.0
0.002 0.9400000000000001 0.5962118946220449 1.0
0.002 0.9500000000000001 0.5198423067888951 1.0
0.002 0.96 0.43204907236683016 1.0
0.002 0.97 0.33403830441809146 1.0
0.002 0.98 0.22766974379457433 1.0
0.002 0.99 0.11537305471178537 1.0
0.002 1.0 4.657523444699913e-16 1.0
0.003 0.0 0.0 1.0
0.003 0.01 0.010000000000000021 1.0
0.003 0.02 0.02000000000000003 1.0
0.003 0.03 0.03000000000000008 1.0
0.003 0.04 0.04000000000000009 1.0
0.003 0.05 0.050000000000000114 1.0
0.003 0.06 0.060000000000000095 1.0
0.003 0.07 0.07000000000000012 1.0
0.003 0.08 0.08000000000000006 1.0
0.003 0.09 0.09000000000000004 1.0
0.003 0.1 0.10000000000000012 1.0
0.003 0.11 0.11000000000000007 1.0
0.003 0.12 0.12000000000000005 1.0
0.003 0.13 0.13000000000000006 1.0
0.003 0.14 0.1400000000000001 1.0
0.003 0.15 0.15000000000000005 1.0
0.003 0.16 0.16 1.0
0.003 0.17 0.1700000000000001 1.0
0.003 0.18 0.18000000000000008 1.0
0.003 0.19 0.19 1.0
0.003 0.2 0.19999999999999998 1.0
0.003 0.21 0.21 1.0
0.003 0.22 0.22000000000000006 1.0
0.003 0.23 0.22999999999999993 1.0
0.003 0.24 0.24000000000000007 1.0
0.003 0.25 0.25000000000000017 1.0
0.003 0.26 0.26000000000000023 1.0
0.003 0.27 0.26999999999999996 1.0
0.003 0.28 0.2800000000000001 1.0
0.003 0.29 0.29000000000000015 1.0
0.003 0.3 0.30000000000000016 1.0
0.003 0.31 0.3100000000000001 1.0
0.003 0.32 0.32000000000000034 1.0
0.003 0.33 0.3300000000000002 1.0
0.003 0.34 0.3400000000000003 1.0
0.003 0.35000000000000003 0.35000000000000003 1.0
0.003 0.36 0.36000000000000015 1.0
0.003 0.37 0.36999999999999983 1.0
0.003 0.38 0.37999999999999856 1.0
0.003 0.39 0.38999999999999646 1.0
0.003 0.4 0.39999999999999 1.0
0.003 0.41000000000000003 0.409999999999972 1.0
0.003 0.42 0.4199999999999248 1.0
0.003 0.43 0.4299999999998003 1.0
0.003 0.44 0.43999999999948025 1.0
0.003 0.45 0.44999999999866946 1.0
0.003 0.46 0.4599999999966481 1.0
0.003 0.47000000000000003 0.4699999999916944 1.0
0.003 0.48 0.4799999999797528 1.0
0.003 0.49 0.48999999995144083 1.0
0.003 0.5 0.4999999998854219 1.0
0.003 0.51 0.5099999997340112 1.0
0.003 0.52 0.5199999993924816 1.0
0.003 0.53 0.529999998634796 1.0
0.003 0.54 0.539999996981551 1.0
0.003 0.55 0.5499999934336361 1.0
0.003 0.56 0.5599999859450967 1.0
0.003 0.5700000000000001 0.5699999703994363 1.0
0.003 0.58 0.5799999386592473 1.0
0.003 0.59 0.5899998749212719 1.0
0.003 0.6 0.5999997490358023 1.0
0.003 0.61 0.6099995045004398 1.0
0.003 0.62 0.6199990373071342 1.0
0.003 0.63 0.6299981594161983 1.0
0.003 0.64 0.6399965369574127 1.0
0.003 0.65 0.6499935878127738 1.0
0.003 0.66 0.6599883154182918 1.0
0.003 0.67 0.6699790447876761 1.0
0.003 0.68 0.6799630123211579 1.0
0.003 0.6900000000000001 0.6899357425674563 1.0
0.003 0.7000000000000001 0.6998901229099234 1.0
0.003 0.71 0.7098150621639422 1.0
0.003 0.72 0.7196935935997735 1.0
0.003 0.73 0.7295002609523568 1.0
0.003 0.74 0.7391976135952063 1.0
0.003 0.75 0.7487316424041309 1.0
0.003 0.76 0.7580260208409136 1.0
0.003 0.77 0.7669750871482226 1.0
0.003 0.78 0.7754356230072392 1.0
0.003 0.79 0.7832176578437108 1.0
0.003 0.8 0.7900747558832784 1.0
0.003 0.81 0.7956945149288084 1.0
0.003 0.8200000000000001 0.799690298975417 1.0
0.003 0.8300000000000001 0.8015955046452599 1.0
0.003 0.84 0.8008618746906545 1.0
0.003 0.85 0.7968634626329487 1.0
0.003 0.86 0.788907762339388 1.0
0.003 0.87 0.7762551963691249 1.0
0.003 0.88 0.7581475811851288 1.0
0.003 0.89 0.7338453644218322 1.0
0.003 0.9 0.702672411347684 1.0
0.003 0.91 0.664066002512091 1.0
0.003 0.92 0.6176286304605813 1.0
0.003 0.93 0.5631773132653887 1.0
0.003 0.9400000000000001 0.5007856405066078 1.0
0.003 0.9500000000000001 0.430813769674471 1.0
0.003 0.96 0.3539221777213698 1.0
0.003 0.97 0.2710661443468263 1.0
0.003 0.98 0.1834696107119677 1.0
0.003 0.99 0.09257904366435162 1.0
0.003 1.0 3.666716440132689e-16 1.0
