0.0 0.0 0.0 1.0
0.0 0.01 0.06780466407370266 1.0
0.0 0.02 0.1346605303032837 1.0
0.0 0.03 0.19964145207554207 1.0
0.0 0.04 0.26186602819262456 1.0
0.0 0.05 0.32051859667911026 1.0
0.0 0.06 0.3748686119744535 1.0
0.0 0.07 0.4242879290778378 1.0
0.0 0.08 0.4682655697474956 1.0
0.0 0.09 0.5064196078532882 1.0
0.0 0.1 0.538505881913201 1.0
0.0 0.11 0.5644233209648681 1.0
0.0 0.12 0.5842157533086868 1.0
0.0 0.13 0.5980701542563006 1.0
0.0 0.14 0.6063113766949202 1.0
0.0 0.15 0.6093934948752247 1.0
0.0 0.16 0.607887975216156 1.0
0.0 0.17 0.6024689660405148 1.0
0.0 0.18 0.5938960690873689 1.0
0.0 0.19 0.5829950176442994 1.0
0.0 0.2 0.5706367376778188 1.0
0.0 0.21 0.5577153081450591 1.0
0.0 0.22 0.5451253637637817 1.0
0.0 0.23 0.5337394972339291 1.0
0.0 0.24 0.5243862179044384 1.0
0.0 0.25 0.5178290101640314 1.0
0.0 0.26 0.5147470077417451 1.0
0.0 0.27 0.5157177602993539 1.0
0.0 0.28 0.5212025171635357 1.0
0.0 0.29 0.5315343910497313 1.0
0.0 0.3 0.5469096936985944 1.0
0.0 0.31 0.5673826572263857 1.0
0.0 0.32 0.5928636716061412 1.0
0.0 0.33 0.6231210821002321 1.0
0.0 0.34 0.6577865027892382 1.0
0.0 0.35000000000000003 0.6963635157458954 1.0
0.0 0.36 0.7382395420183965 1.0
0.0 0.37 0.7827005924679045 1.0
0.0 0.38 0.8289485355742173 1.0
0.0 0.39 0.8761204573277637 1.0
0.0 0.4 0.9233096367920693 1.0
0.0 0.41000000000000003 0.9695876211173864 1.0
0.0 0.42 1.0140268566935577 1.0
0.0 0.43 1.0557233194154498 1.0
0.0 0.44 1.0938185870351382 1.0
0.0 0.45 1.1275208102915508 1.0
0.0 0.46 1.1561240666026682 1.0
0.0 0.47000000000000003 1.1790256199105336 1.0
0.0 0.48 1.195740661805162 1.0
0.0 0.49 1.205914171051009 1.0
0.0 0.5 1.2093295995723754 1.0
0.0 0.51 1.2059141710755996 1.0
0.0 0.52 1.1957406618726296 1.0
0.0 0.53 1.179025620069636 1.0
0.0 0.54 1.1561240669641448 1.0
0.0 0.55 1.1275208110968458 1.0
0.0 0.56 1.093818588799622 1.0
0.0 0.5700000000000001 1.0557233232200296 1.0
0.0 0.58 1.0140268647672726 1.0
0.0 0.59 0.9695876379804644 1.0
0.0 0.6 0.9233096714586687 1.0
0.0 0.61 0.8761205274749411 1.0
0.0 0.62 0.8289486752907987 1.0
0.0 0.63 0.7827008663977584 1.0
0.0 0.64 0.7382400707071702 1.0
0.0 0.65 0.6963645202381102 1.0
0.0 0.66 0.6577883816566742 1.0
0.0 0.67 0.6231245420278269 1.0
0.0 0.68 0.5928699446509174 1.0
0.0 0.6900000000000001 0.5673938554851626 1.0
0.0 0.7000000000000001 0.546929377304807 1.0
0.0 0.71 0.5315684603627497 1.0
0.0 0.72 0.5212605869646819 1.0
0.0 0.73 0.5158152347007005 1.0
0.0 0.74 0.5149081503903327 1.0
0.0 0.75 0.5180913945455827 1.0
0.0 0.76 0.5248070438045348 1.0
0.0 0.77 0.5344043646176689 1.0
0.0 0.78 0.5461601925904518 1.0
0.0 0.79 0.5593021644982259 1.0
0.0 0.8 0.5730343499735719 1.0
0.0 0.81 0.5865647137462667 1.0
0.0 0.8200000000000001 0.5991337055598356 1.0
0.0 0.8300000000000001 0.6100431254209483 1.0
0.0 0.84 0.6186842535262834 1.0
0.0 0.85 0.6245640799887326 1.0
0.0 0.86 0.6273283387063849 1.0
0.0 0.87 0.6267799673660601 1.0
0.0 0.88 0.6228916100369123 1.0
0.0 0.89 0.6158108781864637 1.0
0.0 0.9 0.6058573131387955 1.0
0.0 0.91 0.5935103601872875 1.0
0.0 0.92 0.5793881681028519 1.0
0.0 0.93 0.5642176444115352 1.0
0.0 0.9400000000000001 0.5487968826213884 1.0
0.0 0.9500000000000001 0.5339517701621899 1.0
0.0 0.96 0.5204892101917022 1.0
0.0 0.97 0.5091498681859679 1.0
0.0 0.98 0.5005636146500129 1.0
0.0 0.99 0.4952108268220259 1.0
0.0 1.0 0.49339241223455654 1.0
0.001 0.0 0.0 1.0
0.001 0.01 0.009999999701977035 1.0
0.001 0.02 0.01999999940395405 1.0
0.001 0.03 0.029999999105931038 1.0
0.001 0.04 0.03999999880790793 1.0
0.001 0.05 0.04999999850988479 1.0
0.001 0.06 0.059999998211861603 1.0
0.001 0.07 0.06999999791383832 1.0
0.001 0.08 0.07999999761581504 1.0
0.001 0.09 0.0899999973177916 1.0
0.001 0.1 0.09999999701976826 1.0
0.001 0.11 0.1099999967217449 1.0
0.001 0.12 0.11999999642372157 1.0
0.001 0.13 0.12999999612569818 1.0
0.001 0.14 0.1399999958276749 1.0
0.001 0.15 0.1499999955296516 1.0
0.001 0.16 0.15999999523162825 1.0
0.001 0.17 0.16999999493360501 1.0
0.001 0.18 0.17999999463558175 1.0
0.001 0.19 0.18999999433755846 1.0
0.001 0.2 0.1999999940395353 1.0
0.001 0.21 0.20999999374151196 1.0
0.001 0.22 0.21999999344348878 1.0
0.001 0.23 0.22999999314546574 1.0
0.001 0.24 0.2399999928474427 1.0
0.001 0.25 0.24999999254941951 1.0
0.001 0.26 0.25999999225139636 1.0
0.001 0.27 0.26999999195337304 1.0
0.001 0.28 0.27999999165535017 1.0
0.001 0.29 0.28999999135732724 1.0
0.001 0.3 0.2999999910593038 1.0
0.001 0.31 0.3099999907612806 1.0
0.001 0.32 0.3199999904632571 1.0
0.001 0.33 0.32999999016523396 1.0
0.001 0.34 0.33999998986721064 1.0
0.001 0.35000000000000003 0.3499999895691874 1.0
0.001 0.36 0.3599999892711643 1.0
0.001 0.37 0.36999998897314107 1.0
0.001 0.38 0.37999998867511775 1.0
0.001 0.39 0.3899999883770944 1.0
0.001 0.4 0.39999998807907156 1.0
0.001 0.41000000000000003 0.4099999877810481 1.0
0.001 0.42 0.419999987483025 1.0
0.001 0.43 0.4299999871850016 1.0
0.001 0.44 0.4399999868869786 1.0
0.001 0.45 0.4499999865889556 1.0
0.001 0.46 0.4599999862909323 1.0
0.001 0.47000000000000003 0.46999998599290915 1.0
0.001 0.48 0.47999998569488567 1.0
0.001 0.49 0.4899999853968625 1.0
0.001 0.5 0.4999999850988392 1.0
0.001 0.51 0.5099999848008161 1.0
0.001 0.52 0.5199999845027925 1.0
0.001 0.53 0.5299999842047695 1.0
0.001 0.54 0.5399999839067462 1.0
0.001 0.55 0.5499999836087228 1.0
0.001 0.56 0.5599999833106999 1.0
0.001 0.5700000000000001 0.5699999830126771 1.0
0.001 0.58 0.579999982714653 1.0
0.001 0.59 0.5899999824166299 1.0
0.001 0.6 0.5999999821186071 1.0
0.001 0.61 0.6099999818205839 1.0
0.001 0.62 0.6199999815225603 1.0
0.001 0.63 0.6299999812245373 1.0
0.001 0.64 0.6399999809265142 1.0
0.001 0.65 0.6499999806284908 1.0
0.001 0.66 0.6599999803304675 1.0
0.001 0.67 0.6699999800324433 1.0
0.001 0.68 0.6799999797344167 1.0
0.001 0.6900000000000001 0.6899999794363778 1.0
0.001 0.7000000000000001 0.6999999791382714 1.0
0.001 0.71 0.7099999788398643 1.0
0.001 0.72 0.7199999785401378 1.0
0.001 0.73 0.7299999782349273 1.0
0.001 0.74 0.7399999779080274 1.0
0.001 0.75 0.7499999774995217 1.0
0.001 0.76 0.759999976798969 1.0
0.001 0.77 0.7699999751042088 1.0
0.001 0.78 0.7799999701899846 1.0
0.001 0.79 0.7899999553588808 1.0
0.001 0.8 0.7999999114707597 1.0
0.001 0.81 0.8099997865963378 1.0
0.001 0.8200000000000001 0.8199994470097144 1.0
0.001 0.8300000000000001 0.8299985659379601 1.0
0.001 0.84 0.8399963858904772 1.0
0.001 0.85 0.8499912416924417 1.0
0.001 0.86 0.8599796634473631 1.0
0.001 0.87 0.8699548004645246 1.0
0.001 0.88 0.8799038455312237 1.0
0.001 0.89 0.8898041439301033 1.0
0.001 0.9 0.8996178123571541 1.0
0.001 0.91 0.9092850351994423 1.0
0.001 0.92 0.9187167697715716 1.0
0.001 0.93 0.927788301464657 1.0
0.001 0.9400000000000001 0.936335738181011 1.0
0.001 0.9500000000000001 0.9441578079807982 1.0
0.001 0.96 0.9510249062377889 1.0
0.001 0.97 0.9566960681482419 1.0
0.001 0.98 0.9609425719464679 1.0
0.001 0.99 0.9635747238537606 1.0
0.001 1.0 0.9644667897202891 1.0
0.002 0.0 0.0 1.0
0.002 0.01 0.009999999701976906 1.0
0.002 0.02 0.019999999403953802 1.0
0.002 0.03 0.029999999105930694 1.0
0.002 0.04 0.039999998807907576 1.0
0.002 0.05 0.04999999850988439 1.0
0.002 0.06 0.05999999821186119 1.0
0.002 0.07 0.06999999791383801 1.0
0.002 0.08 0.07999999761581475 1.0
0.002 0.09 0.08999999731779142 1.0
0.002 0.1 0.09999999701976822 1.0
0.002 0.11 0.10999999672174489 1.0
0.002 0.12 0.11999999642372158 1.0
0.002 0.13 0.12999999612569837 1.0
0.002 0.14 0.13999999582767494 1.0
0.002 0.15 0.1499999955296517 1.0
0.002 0.16 0.15999999523162853 1.0
0.002 0.17 0.1699999949336052 1.0
0.002 0.18 0.17999999463558183 1.0
0.002 0.19 0.18999999433755868 1.0
0.002 0.2 0.19999999403953542 1.0
0.002 0.21 0.20999999374151226 1.0
0.002 0.22 0.21999999344348897 1.0
0.002 0.23 0.22999999314546593 1.0
0.002 0.24 0.23999999284744275 1.0
0.002 0.25 0.2499999925494196 1.0
0.002 0.26 0.2599999922513962 1.0
0.002 0.27 0.2699999919533734 1.0
0.002 0.28 0.27999999165534983 1.0
0.002 0.29 0.28999999135732674 1.0
0.002 0.3 0.2999999910593035 1.0
0.002 0.31 0.30999999076128043 1.0
0.002 0.32 0.31999999046325717 1.0
0.002 0.33 0.32999999016523396 1.0
0.002 0.34 0.33999998986721075 1.0
0.002 0.35000000000000003 0.34999998956918743 1.0
0.002 0.36 0.35999998927116444 1.0
0.002 0.37 0.3699999889731411 1.0
0.002 0.38 0.3799999886751178 1.0
0.002 0.39 0.3899999883770946 1.0
0.002 0.4 0.39999998807907144 1.0
0.002 0.41000000000000003 0.4099999877810482 1.0
0.002 0.42 0.4199999874830249 1.0
0.002 0.43 0.4299999871850017 1.0
0.002 0.44 0.4399999868869783 1.0
0.002 0.45 0.4499999865889554 1.0
0.002 0.46 0.4599999862909323 1.0
0.002 0.47000000000000003 0.46999998599290904 1.0
0.002 0.48 0.4799999856948858 1.0
0.002 0.49 0.4899999853968624 1.0
0.002 0.5 0.4999999850988392 1.0
0.002 0.51 0.509999984800816 1.0
0.002 0.52 0.5199999845027926 1.0
0.002 0.53 0.5299999842047685 1.0
0.002 0.54 0.539999983906744 1.0
0.002 0.55 0.5499999836087145 1.0
0.002 0.56 0.5599999833106724 1.0
0.002 0.5700000000000001 0.5699999830125916 1.0
0.002 0.58 0.5799999827143949 1.0
0.002 0.59 0.5899999824158634 1.0
0.002 0.6 0.5999999821163878 1.0
0.002 0.61 0.6099999818143119 1.0
0.002 0.62 0.6199999815052563 1.0
0.002 0.63 0.6299999811779283 1.0
0.002 0.64 0.6399999808039347 1.0
0.002 0.65 0.6499999803137207 1.0
0.002 0.66 0.6599999795411982 1.0
0.002 0.67 0.6699999780998624 1.0
0.002 0.68 0.6799999751131625 1.0
0.002 0.6900000000000001 0.6899999686439088 1.0
0.002 0.7000000000000001 0.6999999545203132 1.0
0.002 0.71 0.7099999239885431 1.0
0.002 0.72 0.7199998591519485 1.0
0.002 0.73 0.7299997243645598 1.0
0.002 0.74 0.7399994504626013 1.0
0.002 0.75 0.7499989067276187 1.0
0.002 0.76 0.7599978525345183 1.0
0.002 0.77 0.7699958565219784 1.0
0.002 0.78 0.7799921657123184 1.0
0.002 0.79 0.7899855004277119 1.0
0.002 0.8 0.7999737436466305 1.0
0.002 0.81 0.809953486783536 1.0
0.002 0.8200000000000001 0.8199193896899377 1.0
0.002 0.8300000000000001 0.8298633136903744 1.0
0.002 0.84 0.8397731959813134 1.0
0.002 0.85 0.8496316550607428 1.0
0.002 0.86 0.8594143524636214 1.0
0.002 0.87 0.8690881863132961 1.0
0.002 0.88 0.87860945408469 1.0
0.002 0.89 0.8879221882703463 1.0
0.002 0.9 0.8969569277080752 1.0
0.002 0.91 0.9056302242242649 1.0
0.002 0.92 0.9138451832199096 1.0
0.002 0.93 0.9214932850340565 1.0
0.002 0.9400000000000001 0.928457625651608 1.0
0.002 0.9500000000000001 0.9346175556308666 1.0
0.002 0.96 0.9398545025777562 1.0
0.002 0.97 0.9440585640100279 1.0
0.002 0.98 0.9471352898606719 1.0
0.002 0.99 0.9490119727303042 1.0
0.002 1.0 0.9496427562867837 1.0
0.003 0.0 0.0 1.0
0.003 0.01 0.00999999970197685 1.0
0.003 0.02 0.0199999994039537 1.0
0.003 0.03 0.029999999105930545 1.0
0.003 0.04 0.03999999880790736 1.0
0.003 0.05 0.049999998509884194 1.0
0.003 0.06 0.05999999821186102 1.0
0.003 0.07 0.0699999979138378 1.0
0.003 0.08 0.0799999976158146 1.0
0.003 0.09 0.08999999731779135 1.0
0.003 0.1 0.09999999701976808 1.0
0.003 0.11 0.10999999672174486 1.0
0.003 0.12 0.11999999642372157 1.0
0.003 0.13 0.12999999612569835 1.0
0.003 0.14 0.13999999582767517 1.0
0.003 0.15 0.14999999552965174 1.0
0.003 0.16 0.1599999952316285 1.0
0.003 0.17 0.16999999493360526 1.0
0.003 0.18 0.17999999463558206 1.0
0.003 0.19 0.18999999433755885 1.0
0.003 0.2 0.19999999403953564 1.0
0.003 0.21 0.20999999374151238 1.0
0.003 0.22 0.21999999344348908 1.0
0.003 0.23 0.2299999931454661 1.0
0.003 0.24 0.23999999284744267 1.0
0.003 0.25 0.24999999254941954 1.0
0.003 0.26 0.2599999922513964 1.0
0.003 0.27 0.2699999919533731 1.0
0.003 0.28 0.27999999165535006 1.0
0.003 0.29 0.2899999913573267 1.0
0.003 0.3 0.29999999105930364 1.0
0.003 0.31 0.3099999907612803 1.0
0.003 0.32 0.3199999904632572 1.0
0.003 0.33 0.3299999901652339 1.0
0.003 0.34 0.33999998986721075 1.0
0.003 0.35000000000000003 0.3499999895691876 1.0
0.003 0.36 0.35999998927116433 1.0
0.003 0.37 0.3699999889731411 1.0
0.003 0.38 0.3799999886751179 1.0
0.003 0.39 0.3899999883770946 1.0
0.003 0.4 0.39999998807907144 1.0
0.003 0.41000000000000003 0.40999998778104807 1.0
0.003 0.42 0.4199999874830243 1.0
0.003 0.43 0.42999998718500004 1.0
0.003 0.44 0.43999998688697384 1.0
0.003 0.45 0.44999998658894313 1.0
0.003 0.46 0.4599999862909009 1.0
0.003 0.47000000000000003 0.4699999859928298 1.0
0.003 0.48 0.47999998569468844 1.0
0.003 0.49 0.4899999853963783 1.0
0.003 0.5 0.4999999850976709 1.0
0.003 0.51 0.5099999847980407 1.0
0.003 0.52 0.5199999844963051 1.0
0.003 0.53 0.5299999841898453 1.0
0.003 0.54 0.5399999838729573 1.0
0.003 0.55 0.5499999835334357 1.0
0.003 0.56 0.5599999831455954 1.0
0.003 0.5700000000000001 0.5699999826563155 1.0
0.003 0.58 0.5799999819575876 1.0
0.003 0.59 0.5899999808335517 1.0
0.003 0.6 0.5999999788601557 1.0
0.003 0.61 0.6099999752185812 1.0
0.003 0.62 0.6199999683547921 1.0
0.003 0.63 0.6299999553699188 1.0
0.003 0.64 0.6399999309493148 1.0
0.003 0.65 0.6499998855170127 1.0
0.003 0.66 0.6599998021165004 1.0
0.003 0.67 0.6699996512413138 1.0
0.003 0.68 0.6799993824364304 1.0
0.003 0.6900000000000001 0.6899989109252308 1.0
0.003 0.7000000000000001 0.6999980967463925 1.0
0.003 0.71 0.7099967128749034 1.0
0.003 0.72 0.7199943975313058 1.0
0.003 0.73 0.7299905843636274 1.0
0.003 0.74 0.739984402477312 1.0
0.003 0.75 0.7499745365210974 1.0
0.003 0.76 0.759959035434583 1.0
0.003 0.77 0.7699350573559275 1.0
0.003 0.78 0.7798985380131023 1.0
0.003 0.79 0.7898437712040157 1.0
0.003 0.8 0.799762893272499 1.0
0.003 0.81 0.8096452693273553 1.0
0.003 0.8200000000000001 0.8194767876908747 1.0
0.003 0.8300000000000001 0.8292390807663892 1.0
0.003 0.84 0.8389087048111011 1.0
0.003 0.85 0.848456327069112 1.0
0.003 0.86 0.8578459848327618 1.0
0.003 0.87 0.8670344951639308 1.0
0.003 0.88 0.8759711037207714 1.0
0.003 0.89 0.8845974637841546 1.0
0.003 0.9 0.8928480298336541 1.0
0.003 0.91 0.9006509323103729 1.0
0.003 0.92 0.907929371156063 1.0
0.003 0.93 0.9146035265228869 1.0
0.003 0.9400000000000001 0.9205929385971103 1.0
0.003 0.9500000000000001 0.925819259242276 1.0
0.003 0.96 0.9302092317628533 1.0
0.003 0.97 0.9336977175867953 1.0
0.003 0.98 0.9362305656982463 1.0
0.003 0.99 0.9377671164918935 1.0
0.003 1.0 0.938282148481647 1.0
