0.0 0.0 0.0 1.5
0.0 0.01 0.10961933933894447 1.5
0.0 0.02 0.21731630612982814 1.5
0.0 0.03 0.3210776151767606 1.5
0.0 0.04 0.41926042192411783 1.5
0.0 0.05 0.5099446381382057 1.5
0.0 0.06 0.5919416135351571 1.5
0.0 0.07 0.663586060192323 1.5
0.0 0.08 0.7242871366810104 1.5
0.0 0.09 0.7727576681854784 1.5
0.0 0.1 0.809103108654137 1.5
0.0 0.11 0.8324873955726835 1.5
0.0 0.12 0.8437559645036599 1.5
0.0 0.13 0.8425394658417324 1.5
0.0 0.14 0.8304078814169334 1.5
0.0 0.15 0.8074153230652703 1.5
0.0 0.16 0.7757832145903578 1.5
0.0 0.17 0.7358913459083046 1.5
0.0 0.18 0.6904888939579279 1.5
0.0 0.19 0.6401386823255016 1.5
0.0 0.2 0.5879553904396085 1.5
0.0 0.21 0.5345114448276526 1.5
0.0 0.22 0.48310199921165303 1.5
0.0 0.23 0.43412196675349146 1.5
0.0 0.24 0.39085717049028884 1.5
0.0 0.25 0.3533426609960856 1.5
0.0 0.26 0.32467880418505646 1.5
0.0 0.27 0.30438120405044 1.5
0.0 0.28 0.2952194249209229 1.5
0.0 0.29 0.29606858711655254 1.5
0.0 0.3 0.3092669683477349 1.5
0.0 0.31 0.3329787352629907 1.5
0.0 0.32 0.3690649269491581 1.5
0.0 0.33 0.4149659353811967 1.5
0.0 0.34 0.47207846500354295 1.5
0.0 0.35000000000000003 0.5371654112934593 1.5
0.0 0.36 0.6112294533317758 1.5
0.0 0.37 0.6904570437452268 1.5
0.0 0.38 0.7755774686595004 1.5
0.0 0.39 0.862346892387617 1.5
0.0 0.4 0.9513801434225784 1.5
0.0 0.41000000000000003 1.0381802745166984 1.5
0.0 0.42 1.1234291133191967 1.5
0.0 0.43 1.2025676951051492 1.5
0.0 0.44 1.2765308272604659 1.5
0.0 0.45 1.3408840819953871 1.5
0.0 0.46 1.3969872988608942 1.5
0.0 0.47000000000000003 1.4406945990701 1.5
0.0 0.48 1.4739318788411537 1.5
0.0 0.49 1.4929674917302886 1.5
0.0 0.5 1.5003893136858364 0.5
0.0 0.51 1.492955260137419 0.5
0.0 0.52 1.473956339009079 0.5
0.0 0.53 1.4406579163619564 0.5
0.0 0.54 1.397036195058792 0.5
0.0 0.55 1.3408229843714978 0.5
0.0 0.56 1.2766041112362314 0.5
0.0 0.5700000000000001 1.2024822428582564 0.5
0.0 0.58 1.1235267127543451 0.5
0.0 0.59 1.0380705519731566 0.5
0.0 0.6 0.9515019620036671 0.5
0.0 0.61 0.8622130078241046 0.5
0.0 0.62 0.7757233861734333 0.5
0.0 0.63 0.6902991292815968 0.5
0.0 0.64 0.6113993257845977 0.5
0.0 0.65 0.5369836227621001 0.5
0.0 0.66 0.4722721247629835 0.5
0.0 0.67 0.41476045217281665 0.5
0.0 0.68 0.3692821829104641 0.5
0.0 0.6900000000000001 0.3327497601490724 0.5
0.0 0.7000000000000001 0.3095076061229234 0.5
0.0 0.71 0.2958163460484722 0.5
0.0 0.72 0.29548320705121056 0.5
0.0 0.73 0.30410594593547785 0.5
0.0 0.74 0.3249654703764443 0.5
0.0 0.75 0.3530446574503189 0.5
0.0 0.76 0.39116643787216837 0.5
0.0 0.77 0.433801511831656 0.5
0.0 0.78 0.4834335626184855 0.5
0.0 0.79 0.5341688547298202 0.5
0.0 0.8 0.5883089227159521 0.5
0.0 0.81 0.6397742950802991 0.5
0.0 0.8200000000000001 0.6908640462872543 0.5
0.0 0.8300000000000001 0.7355055210317183 0.5
0.0 0.84 0.7761796168490237 0.5
0.0 0.85 0.807008441193233 0.5
0.0 0.86 0.8308251425560369 0.5
0.0 0.87 0.8421119283322144 0.5
0.0 0.88 0.8441936729654531 0.5
0.0 0.89 0.8320396240671544 0.5
0.0 0.9 0.8095608328386513 0.5
0.0 0.91 0.7722901041040533 0.5
0.0 0.92 0.7247644255065256 0.5
0.0 0.93 0.6630991640862003 0.5
0.0 0.9400000000000001 0.5924379972334726 0.5
0.0 0.9500000000000001 0.5094388886216376 0.5
0.0 0.96 0.41977541366409044 0.5
0.0 0.97 0.3205535060257537 0.5
0.0 0.98 0.21784940838926692 0.5
0.0 0.99 0.10907736091595402 0.5
0.0 1.0 0.0005507944385691228 0.5
0.002 0.0 0.0 1.5
0.002 0.01 0.06780466407370266 1.5
0.002 0.02 0.1346605303032837 1.5
0.002 0.03 0.19964145207554207 1.5
0.002 0.04 0.26186602819262456 1.5
0.002 0.05 0.32051859667911026 1.5
0.002 0.06 0.3748686119744535 1.5
0.002 0.07 0.4242879290778378 1.5
0.002 0.08 0.4682655697474956 1.5
0.002 0.09 0.5064196078532882 1.5
0.002 0.1 0.538505881913201 1.5
0.002 0.11 0.5644233209648681 1.5
0.002 0.12 0.5842157533086868 1.5
0.002 0.13 0.5980701542563006 1.5
0.002 0.14 0.6063113766949202 1.5
0.002 0.15 0.6093934948752247 1.5
0.002 0.16 0.607887975216156 1.5
0.002 0.17 0.6024689660405148 1.5
0.002 0.18 0.5938960690873689 1.5
0.002 0.19 0.5829950176442994 1.5
0.002 0.2 0.5706367376778188 1.5
0.002 0.21 0.5577153081450591 1.5
0.002 0.22 0.5451253637637817 1.5
0.002 0.23 0.5337394972339291 1.5
0.002 0.24 0.5243862179044384 1.5
0.002 0.25 0.5178290101640314 1.5
0.002 0.26 0.5147470077417451 1.5
0.002 0.27 0.5157177602993539 1.5
0.002 0.28 0.5212025171635357 1.5
0.002 0.29 0.5315343910497313 1.5
0.002 0.3 0.5469096936985944 1.5
0.002 0.31 0.5673826572263857 1.5
0.002 0.32 0.5928636716061412 1.5
0.002 0.33 0.6231210821002321 1.5
0.002 0.34 0.6577865027892382 1.5
0.002 0.35000000000000003 0.6963635157458954 1.5
0.002 0.36 0.7382395420183965 1.5
0.002 0.37 0.7827005924679045 1.5
0.002 0.38 0.8289485355742173 1.5
0.002 0.39 0.8761204573277637 1.5
0.002 0.4 0.9233096367920693 1.5
0.002 0.41000000000000003 0.9695876211173864 1.5
0.002 0.42 1.0140268566935577 1.5
0.002 0.43 1.0557233194154498 1.5
0.002 0.44 1.0938185870351382 1.5
0.002 0.45 1.1275208102915508 1.5
0.002 0.46 1.1561240666026682 1.5
0.002 0.47000000000000003 1.1790256199105336 1.5
0.002 0.48 1.195740661805162 1.5
0.002 0.49 1.205914171051009 1.5
0.002 0.5 1.3808507644814478 0.5
0.002 0.51 1.3755523521602815 0.5
0.002 0.52 1.3597760310813676 0.5
0.002 0.53 1.3338756321918008 0.5
0.002 0.54 1.2984312231889852 0.5
0.002 0.55 1.2542348822579794 0.5
0.002 0.56 1.2022712741000416 0.5
0.002 0.5700000000000001 1.1436935064563936 0.5
0.002 0.58 1.0797948615188777 0.5
0.002 0.59 1.0119770981708127 0.5
0.002 0.6 0.9417161054169416 0.5
0.002 0.61 0.8705257525617865 0.5
0.002 0.62 0.7999208260760898 0.5
0.002 0.63 0.7313799655581078 0.5
0.002 0.64 0.6663095111974817 0.5
0.002 0.65 0.6060091526839685 0.5
0.002 0.66 0.551640225124886 0.5
0.002 0.67 0.504197432336345 0.5
0.002 0.68 0.46448469345964327 0.5
0.002 0.6900000000000001 0.43309570730428754 0.5
0.002 0.7000000000000001 0.4103997126334308 0.5
0.002 0.71 0.39653279464757524 0.5
0.002 0.72 0.3913949513403758 0.5
0.002 0.73 0.39465299156535344 0.5
0.002 0.74 0.405749193075869 0.5
0.002 0.75 0.4239155070798029 0.5
0.002 0.76 0.4481929596572886 0.5
0.002 0.77 0.4774557735859874 0.5
0.002 0.78 0.5104396211394919 0.5
0.002 0.79 0.5457733252019941 0.5
0.002 0.8 0.5820132618324445 0.5
0.002 0.81 0.6176796978519465 0.5
0.002 0.8200000000000001 0.6512943481979038 0.5
0.002 0.8300000000000001 0.6814185994941202 0.5
0.002 0.84 0.7066921699021058 0.5
0.002 0.85 0.7258725078078682 0.5
0.002 0.86 0.7378759757794776 0.5
0.002 0.87 0.7418227105107987 0.5
0.002 0.88 0.7370876850630697 0.5
0.002 0.89 0.7233603658080563 0.5
0.002 0.9 0.700713698876135 0.5
0.002 0.91 0.6696792884571194 0.5
0.002 0.92 0.6313193894867136 0.5
0.002 0.93 0.5872786817762773 0.5
0.002 0.9400000000000001 0.5397921172523299 0.5
0.002 0.9500000000000001 0.4916229833943519 0.5
0.002 0.96 0.44591122631672936 0.5
0.002 0.97 0.40592767318678197 0.5
0.002 0.98 0.3747531215920453 0.5
0.002 0.99 0.3549262367273324 0.5
0.002 1.0 0.34812211674199683 0.5
0.004 0.0 0.0 1.5
0.004 0.01 0.04740203602635086 1.5
0.004 0.02 0.09433662609307546 1.5
0.004 0.03 0.14034714374317708 1.5
0.004 0.04 0.1849983357943631 1.5
0.004 0.05 0.22788635119250503 1.5
0.004 0.06 0.2686479986823181 1.5
0.004 0.07 0.3069690060181592 1.5
0.004 0.08 0.34259107802055566 1.5
0.004 0.09 0.37531758035712953 1.5
0.004 0.1 0.4050177097617979 1.5
0.004 0.11 0.431629048670371 1.5
0.004 0.12 0.45515844202637923 1.5
0.004 0.13 0.47568117531871384 1.5
0.004 0.14 0.49333847473537146 1.5
0.004 0.15 0.508333391625403 1.5
0.004 0.16 0.5209251732369802 1.5
0.004 0.17 0.5314222589638977 1.5
0.004 0.18 0.5401740751682501 1.5
0.004 0.19 0.5475618312203553 1.5
0.004 0.2 0.5539885439800123 1.5
0.004 0.21 0.559868536930628 1.5
0.004 0.22 0.5656166731020658 1.5
0.004 0.23 0.571637587461024 1.5
0.004 0.24 0.5783151844483011 1.5
0.004 0.25 0.5860026598003725 1.5
0.004 0.26 0.5950132928694437 1.5
0.004 0.27 0.6056122366697632 1.5
0.004 0.28 0.6180095082960072 1.5
0.004 0.29 0.632354352787283 1.5
0.004 0.3 0.6487311196759387 1.5
0.004 0.31 0.667156754197062 1.5
0.004 0.32 0.6875799653598585 1.5
0.004 0.33 0.7098820917754538 1.5
0.004 0.34 0.7338796443142728 1.5
0.004 0.35000000000000003 0.7593284633597929 1.5
0.004 0.36 0.785929388651483 1.5
0.004 0.37 0.8133353024475642 1.5
0.004 0.38 0.8411593729057213 1.5
0.004 0.39 0.8689842950104598 1.5
0.004 0.4 0.8963723017981144 1.5
0.004 0.41000000000000003 0.9228756996505013 1.5
0.004 0.42 0.9480476685143974 1.5
0.004 0.43 0.971453061375883 1.5
0.004 0.44 0.9926789373390936 1.5
0.004 0.45 1.0113445692304603 1.5
0.004 0.46 1.0271106796143012 1.5
0.004 0.47000000000000003 1.0396876781496298 1.5
0.004 0.48 1.0488426978792746 1.5
0.004 0.49 1.054405257722296 1.5
0.004 0.5 1.2857033081866618 0.5
0.004 0.51 1.2814613914075093 0.5
0.004 0.52 1.2688286559476842 0.5
0.004 0.53 1.248081867390248 0.5
0.004 0.54 1.2196747609808367 0.5
0.004 0.55 1.184226925530157 0.5
0.004 0.56 1.1425086259214445 0.5
0.004 0.5700000000000001 1.0954219378653711 0.5
0.004 0.58 1.0439786593275906 0.5
0.004 0.59 0.9892755424013856 0.5
0.004 0.6 0.9324674553562301 0.5
0.004 0.61 0.8747391355389014 0.5
0.004 0.62 0.8172762284842232 0.5
0.004 0.63 0.7612363261565742 0.5
0.004 0.64 0.7077207172655768 0.5
0.004 0.65 0.6577475450936517 0.5
0.004 0.66 0.6122270337001153 0.5
0.004 0.67 0.5719393926353655 0.5
0.004 0.68 0.5375159447682021 0.5
0.004 0.6900000000000001 0.5094239433120344 0.5
0.004 0.7000000000000001 0.48795545491122816 0.5
0.004 0.71 0.4732205884902213 0.5
0.004 0.72 0.465145247778199 0.5
0.004 0.73 0.46347348286910267 0.5
0.004 0.74 0.46777441728972274 0.5
0.004 0.75 0.47745363671539226 0.5
0.004 0.76 0.4917688487375406 0.5
0.004 0.77 0.5098495645287453 0.5
0.004 0.78 0.5307205159174189 0.5
0.004 0.79 0.5533285052297082 0.5
0.004 0.8 0.5765723851629907 0.5
0.004 0.81 0.5993358696866167 0.5
0.004 0.8200000000000001 0.620522863714362 0.5
0.004 0.8300000000000001 0.639094939820099 0.5
0.004 0.84 0.6541104497873335 0.5
0.004 0.85 0.6647645035661834 0.5
0.004 0.86 0.6704286561667658 0.5
0.004 0.87 0.6706886171926799 0.5
0.004 0.88 0.6653776799478618 0.5
0.004 0.89 0.6546029473240997 0.5
0.004 0.9 0.6387609479044326 0.5
0.004 0.91 0.6185390592733148 0.5
0.004 0.92 0.594899460702512 0.5
0.004 0.93 0.5690432575889667 0.5
0.004 0.9400000000000001 0.5423539991124114 0.5
0.004 0.9500000000000001 0.5163219624247949 0.5
0.004 0.96 0.4924530676750046 0.5
0.004 0.97 0.47216875439188566 0.5
0.004 0.98 0.4567051525632231 0.5
0.004 0.99 0.44702099446319027 0.5
0.004 1.0 0.44372362032590024 0.5
0.006 0.0 0.0 1.5
0.006 0.01 0.03723047125336117 1.5
0.006 0.02 0.07422353920130176 1.5
0.006 0.03 0.11074697577458627 1.5
0.006 0.04 0.14657877660648438 1.5
0.006 0.05 0.1815119590802021 1.5
0.006 0.06 0.2153589924732403 1.5
0.006 0.07 0.24795575177153614 1.5
0.006 0.08 0.2791648984524666 1.5
0.006 0.09 0.30887860564247543 1.5
0.006 0.1 0.3370205611948621 1.5
0.006 0.11 0.36354720000873963 1.5
0.006 0.12 0.38844813588365273 1.5
0.006 0.13 0.41174578290863456 1.5
0.006 0.14 0.43349417633443055 1.5
0.006 0.15 0.4537770225819708 1.5
0.006 0.16 0.4727050270137782 1.5
0.006 0.17 0.49041256587065774 1.5
0.006 0.18 0.5070537849160581 1.5
0.006 0.19 0.5227982214375155 1.5
0.006 0.2 0.5378260579812493 1.5
0.006 0.21 0.5523231252535653 1.5
0.006 0.22 0.566475777788226 1.5
0.006 0.23 0.5804657691006396 1.5
0.006 0.24 0.5944652530507608 1.5
0.006 0.25 0.6086320350170802 1.5
0.006 0.26 0.6231051903209176 1.5
0.006 0.27 0.6380011582853395 1.5
0.006 0.28 0.6534104085895696 1.5
0.006 0.29 0.6693947624766451 1.5
0.006 0.3 0.6859854352369543 1.5
0.006 0.31 0.7031818486208422 1.5
0.006 0.32 0.7209512428678514 1.5
0.006 0.33 0.7392290983460305 1.5
0.006 0.34 0.7579203568579574 1.5
0.006 0.35000000000000003 0.7769014129826423 1.5
0.006 0.36 0.7960228268705172 1.5
0.006 0.37 0.8151126921604741 1.5
0.006 0.38 0.8339805765824733 1.5
0.006 0.39 0.852421938745469 1.5
0.006 0.4 0.8702229129373005 1.5
0.006 0.41000000000000003 0.8871653447713105 1.5
0.006 0.42 0.9030319544287351 1.5
0.006 0.43 0.9176115012199314 1.5
0.006 0.44 0.9307038232999948 1.5
0.006 0.45 0.942124629626646 1.5
0.006 0.46 0.9517099275645908 1.5
0.006 0.47000000000000003 0.9593199787692228 1.5
0.006 0.48 0.9648426878996392 1.5
0.006 0.49 0.9681963430253113 1.5
0.006 0.5 1.2093295995723754 0.5
0.006 0.51 1.2059141710755996 0.5
0.006 0.52 1.1957406618726296 0.5
0.006 0.53 1.179025620069636 0.5
0.006 0.54 1.1561240669641448 0.5
0.006 0.55 1.1275208110968458 0.5
0.006 0.56 1.093818588799622 0.5
0.006 0.5700000000000001 1.0557233232200296 0.5
0.006 0.58 1.0140268647672726 0.5
0.006 0.59 0.9695876379804644 0.5
0.006 0.6 0.9233096714586687 0.5
0.006 0.61 0.8761205274749411 0.5
0.006 0.62 0.8289486752907987 0.5
0.006 0.63 0.7827008663977584 0.5
0.006 0.64 0.7382400707071702 0.5
0.006 0.65 0.6963645202381102 0.5
0.006 0.66 0.6577883816566742 0.5
0.006 0.67 0.6231245420278269 0.5
0.006 0.68 0.5928699446509174 0.5
0.006 0.6900000000000001 0.5673938554851626 0.5
0.006 0.7000000000000001 0.546929377304807 0.5
0.006 0.71 0.5315684603627497 0.5
0.006 0.72 0.5212605869646819 0.5
0.006 0.73 0.5158152347007005 0.5
0.006 0.74 0.5149081503903327 0.5
0.006 0.75 0.5180913945455827 0.5
0.006 0.76 0.5248070438045348 0.5
0.006 0.77 0.5344043646176689 0.5
0.006 0.78 0.5461601925904518 0.5
0.006 0.79 0.5593021644982259 0.5
0.006 0.8 0.5730343499735719 0.5
0.006 0.81 0.5865647137462667 0.5
0.006 0.8200000000000001 0.5991337055598356 0.5
0.006 0.8300000000000001 0.6100431254209483 0.5
0.006 0.84 0.6186842535262834 0.5
0.006 0.85 0.6245640799887326 0.5
0.006 0.86 0.6273283387063849 0.5
0.006 0.87 0.6267799673660601 0.5
0.006 0.88 0.6228916100369123 0.5
0.006 0.89 0.6158108781864637 0.5
0.006 0.9 0.6058573131387955 0.5
0.006 0.91 0.5935103601872875 0.5
0.006 0.92 0.5793881681028519 0.5
0.006 0.93 0.5642176444115352 0.5
0.006 0.9400000000000001 0.5487968826213884 0.5
0.006 0.9500000000000001 0.5339517701621899 0.5
0.006 0.96 0.5204892101917022 0.5
0.006 0.97 0.5091498681859679 0.5
0.006 0.98 0.5005636146500129 0.5
0.006 0.99 0.4952108268220259 0.5
0.006 1.0 0.49339241223455654 0.5
0.008 0.0 0.0 1.5
0.008 0.01 0.031952031159975934 1.5
0.008 0.02 0.06377681230793224 1.5
0.008 0.03 0.09534957588848297 1.5
0.008 0.04 0.12655045877561696 1.5
0.008 0.05 0.15726680476634725 1.5
0.008 0.06 0.18739529154080303 1.5
0.008 0.07 0.21684383035466412 1.5
0.008 0.08 0.2455331923234603 1.5
0.008 0.09 0.27339832188741886 1.5
0.008 0.1 0.30038930574454653 1.5
0.008 0.11 0.3264719740189418 1.5
0.008 0.12 0.35162811948216055 1.5
0.008 0.13 0.3758553300449813 1.5
0.008 0.14 0.39916643925372647 1.5
0.008 0.15 0.42158860892508726 1.5
0.008 0.16 0.4431620671048016 1.5
0.008 0.17 0.4639385330157127 1.5
0.008 0.18 0.48397936836099487 1.5
0.008 0.19 0.5033535010791691 1.5
0.008 0.2 0.5221351732433445 1.5
0.008 0.21 0.5404015691203061 1.5
0.008 0.22 0.5582303823493704 1.5
0.008 0.23 0.5756973826941099 1.5
0.008 0.24 0.5928740428256614 1.5
0.008 0.25 0.6098252841145665 1.5
0.008 0.26 0.6266073974759265 1.5
0.008 0.27 0.6432661910027544 1.5
0.008 0.28 0.6598354105415108 1.5
0.008 0.29 0.6763354726500624 1.5
0.008 0.3 0.6927725416977404 1.5
0.008 0.31 0.7091379744098761 1.5
0.008 0.32 0.7254081461343641 1.5
0.008 0.33 0.7415446637387294 1.5
0.008 0.34 0.7574949605648003 1.5
0.008 0.35000000000000003 0.773193259508983 1.5
0.008 0.36 0.7885618812911747 1.5
0.008 0.37 0.8035128665473837 1.5
0.008 0.38 0.8179498727390023 1.5
0.008 0.39 0.8317703002046167 1.5
0.008 0.4 0.8448675961533015 1.5
0.008 0.41000000000000003 0.8571336811482804 1.5
0.008 0.42 0.8684614397614503 1.5
0.008 0.43 0.8787472156629584 1.5
0.008 0.44 0.8878932514796788 1.5
0.008 0.45 0.895810015308646 1.5
0.008 0.46 0.9024183587654089 1.5
0.008 0.47000000000000003 0.9076514558054274 1.5
0.008 0.48 0.9114564771669148 1.5
0.008 0.49 0.9137959620015779 1.5
0.008 0.5 1.1476445894757556 0.5
0.008 0.51 1.1448759278867646 0.5
0.008 0.52 1.1366269015170154 0.5
0.008 0.53 1.123067007308741 0.5
0.008 0.54 1.1044741362554589 0.5
0.008 0.55 1.081227787521324 0.5
0.008 0.56 1.0537998036440226 0.5
0.008 0.5700000000000001 1.0227428554841957 0.5
0.008 0.58 0.9886769613102253 0.5
0.008 0.59 0.9522743732945106 0.5
0.008 0.6 0.9142432056077303 0.5
0.008 0.61 0.8753102103069039 0.5
0.008 0.62 0.8362031296363016 0.5
0.008 0.63 0.7976330657661961 0.5
0.008 0.64 0.7602773112123705 0.5
0.008 0.65 0.7247630752926985 0.5
0.008 0.66 0.6916525243048183 0.5
0.008 0.67 0.6614295261719951 0.5
0.008 0.68 0.634488454778469 0.5
0.008 0.6900000000000001 0.6111253658714757 0.5
0.008 0.7000000000000001 0.5915318060411625 0.5
0.008 0.71 0.5757914596529533 0.5
0.008 0.72 0.5638797763409613 0.5
0.008 0.73 0.5556666542625667 0.5
0.008 0.74 0.5509221820833241 0.5
0.008 0.75 0.5493253657971523 0.5
0.008 0.76 0.5504756851429322 0.5
0.008 0.77 0.5539072388346995 0.5
0.008 0.78 0.5591051487082825 0.5
0.008 0.79 0.5655238014544848 0.5
0.008 0.8 0.5726064150209672 0.5
0.008 0.81 0.5798053283564402 0.5
0.008 0.8200000000000001 0.5866023326216138 0.5
0.008 0.8300000000000001 0.5925282953498532 0.5
0.008 0.84 0.597181283536078 0.5
0.008 0.85 0.600242375233875 0.5
0.008 0.86 0.6014883699455016 0.5
0.008 0.87 0.6008006729714467 0.5
0.008 0.88 0.5981697429771905 0.5
0.008 0.89 0.5936946571632615 0.5
0.008 0.9 0.5875775621751643 0.5
0.008 0.91 0.5801130338664534 0.5
0.008 0.92 0.5716726525985832 0.5
0.008 0.93 0.5626853954172647 0.5
0.008 0.9400000000000001 0.553614730850812 0.5
0.008 0.9500000000000001 0.544933552772474 0.5
0.008 0.96 0.5370982834067931 0.5
0.008 0.97 0.530523591426033 0.5
0.008 0.98 0.52555919361223 0.5
0.008 0.99 0.5224701294951115 0.5
0.008 1.0 0.5214217182411813 0.5
0.0 -0.01 0.0 1.0
0.0 0.0 0.10961933933894444 1.0
0.0 0.01 0.2173163061298281 1.0
0.0 0.019999999999999997 0.3210776151767605 1.0
0.0 0.03 0.41926042192411805 1.0
0.0 0.04 0.5099446381382057 1.0
0.0 0.049999999999999996 0.5919416135351567 1.0
0.0 0.060000000000000005 0.6635860601923226 1.0
0.0 0.07 0.7242871366810104 1.0
0.0 0.08 0.7727576681854782 1.0
0.0 0.09000000000000001 0.8091031086541366 1.0
0.0 0.1 0.8324873955726835 1.0
0.0 0.11 0.8437559645036599 1.0
0.0 0.12000000000000001 0.8425394658417324 1.0
0.0 0.13 0.8304078814169332 1.0
0.0 0.13999999999999999 0.8074153230652698 1.0
0.0 0.15 0.7757832145903573 1.0
0.0 0.16 0.7358913459083046 1.0
0.0 0.16999999999999998 0.6904888939579278 1.0
0.0 0.18 0.6401386823255018 1.0
0.0 0.19 0.5879553904396085 1.0
0.0 0.19999999999999998 0.5345114448276529 1.0
0.0 0.21 0.48310199921165287 1.0
0.0 0.22 0.4341219667534913 1.0
0.0 0.22999999999999998 0.3908571704902888 1.0
0.0 0.24 0.3533426609960856 1.0
0.0 0.25 0.3246788041850564 1.0
0.0 0.26 0.30438120405044017 1.0
0.0 0.27 0.2952194249209231 1.0
0.0 0.27999999999999997 0.2960685871165527 1.0
0.0 0.29 0.30926696834773504 1.0
0.0 0.3 0.3329787352629907 1.0
0.0 0.31 0.36906492694915843 1.0
0.0 0.32 0.41496593538119664 1.0
0.0 0.33 0.4720784650035431 1.0
0.0 0.34 0.5371654112934595 1.0
0.0 0.35 0.6112294533317761 1.0
0.0 0.36 0.6904570437452267 1.0
0.0 0.37 0.7755774686595005 1.0
0.0 0.38 0.8623468923876169 1.0
0.0 0.39 0.9513801434225788 1.0
0.0 0.4 1.0381802745166988 1.0
0.0 0.41 1.1234291133191967 1.0
0.0 0.42 1.2025676951051494 1.0
0.0 0.43 1.2765308272604659 1.0
0.0 0.44 1.3408840819953878 1.0
0.0 0.45 1.3969872988608945 1.0
0.0 0.46 1.4406945990701001 1.0
0.0 0.47 1.4739318788411533 1.0
0.0 0.48 1.4929674917302889 1.0
0.0 0.49 1.5003893136858364 1.0
0.0 0.5 1.4929552601374187 1.0
0.0 0.51 1.473956339009079 1.0
0.0 0.52 1.4406579163619566 1.0
0.0 0.53 1.3970361950587922 1.0
0.0 0.54 1.3408229843714983 1.0
0.0 0.55 1.276604111236231 1.0
0.0 0.56 1.202482242858257 1.0
0.0 0.57 1.123526712754345 1.0
0.0 0.58 1.0380705519731563 1.0
0.0 0.59 0.9515019620036673 1.0
0.0 0.6 0.8622130078241044 1.0
0.0 0.61 0.775723386173433 1.0
0.0 0.62 0.6902991292815966 1.0
0.0 0.63 0.6113993257845977 1.0
0.0 0.64 0.5369836227621003 1.0
0.0 0.65 0.4722721247629831 1.0
0.0 0.66 0.41476045217281654 1.0
0.0 0.67 0.3692821829104637 1.0
0.0 0.68 0.33274976014907226 1.0
0.0 0.6900000000000001 0.3095076061229235 1.0
0.0 0.7 0.2958163460484722 1.0
0.0 0.71 0.29548320705121073 1.0
0.0 0.72 0.304105945935478 1.0
0.0 0.73 0.3249654703764445 1.0
0.0 0.74 0.35304465745031893 1.0
0.0 0.75 0.39116643787216837 1.0
0.0 0.76 0.43380151183165633 1.0
0.0 0.77 0.48343356261848563 1.0
0.0 0.78 0.5341688547298203 1.0
0.0 0.79 0.5883089227159521 1.0
0.0 0.8 0.6397742950802995 1.0
0.0 0.81 0.6908640462872546 1.0
0.0 0.8200000000000001 0.7355055210317185 1.0
0.0 0.83 0.7761796168490237 1.0
0.0 0.84 0.8070084411932332 1.0
0.0 0.85 0.8308251425560367 1.0
0.0 0.86 0.8421119283322147 1.0
0.0 0.87 0.8441936729654534 1.0
0.0 0.88 0.8320396240671546 1.0
0.0 0.89 0.8095608328386509 1.0
0.0 0.9 0.7722901041040531 1.0
0.0 0.91 0.7247644255065256 1.0
0.0 0.92 0.6630991640862001 1.0
0.0 0.93 0.5924379972334729 1.0
0.0 0.9400000000000001 0.5094388886216372 1.0
0.0 0.95 0.4197754136640907 1.0
0.0 0.96 0.3205535060257537 1.0
0.0 0.97 0.2178494083892669 1.0
0.0 0.98 0.10907736091595377 1.0
0.0 0.99 0.0005507944385691975 1.0
0.002 -0.01 0.0 1.0
0.002 0.0 0.07854827852736952 1.0
0.002 0.01 0.15589036478157908 1.0
0.002 0.019999999999999997 0.23084904857026067 1.0
0.002 0.03 0.3023043709365651 1.0
0.002 0.04 0.369220485015668 1.0
0.002 0.049999999999999996 0.4306704478964668 1.0
0.002 0.060000000000000005 0.48585833373532156 1.0
0.002 0.07 0.5341381243255418 1.0
0.002 0.08 0.575028912672596 1.0
0.002 0.09000000000000001 0.6082260459068599 1.0
0.002 0.1 0.6336079338478678 1.0
0.002 0.11 0.6512383562545163 1.0
0.002 0.12000000000000001 0.661364212626767 1.0
0.002 0.13 0.6644087706369998 1.0
0.002 0.13999999999999999 0.6609605801003123 1.0
0.002 0.15 0.6517583261136815 1.0
0.002 0.16 0.6376719949761755 1.0
0.002 0.16999999999999998 0.6196808172845204 1.0
0.002 0.18 0.5988485319448165 1.0
0.002 0.19 0.57629658079844 1.0
0.002 0.19999999999999998 0.5531758945039452 1.0
0.002 0.21 0.5306379649928125 1.0
0.002 0.22 0.5098059173712901 1.0
0.002 0.22999999999999998 0.49174629414111737 1.0
0.002 0.24 0.47744224705861416 1.0
0.002 0.25 0.4677687972766876 1.0
0.002 0.26 0.46347077347160404 1.0
0.002 0.27 0.46514397170023325 1.0
0.002 0.27999999999999997 0.47322000138804127 1.0
0.002 0.29 0.4879551910670862 1.0
0.002 0.3 0.5094238275020594 1.0
0.002 0.31 0.5375158951228352 1.0
0.002 0.32 0.5719393718519399 1.0
0.002 0.33 0.6122270252037288 1.0
0.002 0.34 0.6577475417020505 1.0
0.002 0.35 0.7077207159436575 1.0
0.002 0.36 0.7612363256535224 1.0
0.002 0.37 0.8172762282973238 1.0
0.002 0.38 0.8747391354711115 1.0
0.002 0.39 0.9324674553322266 1.0
0.002 0.4 0.9892755423930885 1.0
0.002 0.41 1.0439786593247902 1.0
0.002 0.42 1.0954219378644496 1.0
0.002 0.43 1.1425086259211488 1.0
0.002 0.44 1.1842269255300657 1.0
0.002 0.45 1.2196747609808092 1.0
0.002 0.46 1.2480818673902392 1.0
0.002 0.47 1.268828655947681 1.0
0.002 0.48 1.2814613914075088 1.0
0.002 0.49 1.2857033081866616 1.0
0.002 0.5 1.2814613914075093 1.0
0.002 0.51 1.2688286559476842 1.0
0.002 0.52 1.2480818673902478 1.0
0.002 0.53 1.2196747609808367 1.0
0.002 0.54 1.1842269255301567 1.0
0.002 0.55 1.1425086259214445 1.0
0.002 0.56 1.0954219378653711 1.0
0.002 0.57 1.0439786593275904 1.0
0.002 0.58 0.9892755424013854 1.0
0.002 0.59 0.9324674553562299 1.0
0.002 0.6 0.8747391355389014 1.0
0.002 0.61 0.8172762284842232 1.0
0.002 0.62 0.7612363261565742 1.0
0.002 0.63 0.7077207172655768 1.0
0.002 0.64 0.6577475450936517 1.0
0.002 0.65 0.6122270337001153 1.0
0.002 0.66 0.5719393926353654 1.0
0.002 0.67 0.5375159447682021 1.0
0.002 0.68 0.5094239433120344 1.0
0.002 0.6900000000000001 0.48795545491122816 1.0
0.002 0.7 0.4732205884902214 1.0
0.002 0.71 0.465145247778199 1.0
0.002 0.72 0.46347348286910267 1.0
0.002 0.73 0.46777441728972285 1.0
0.002 0.74 0.47745363671539237 1.0
0.002 0.75 0.49176884873754073 1.0
0.002 0.76 0.5098495645287452 1.0
0.002 0.77 0.530720515917419 1.0
0.002 0.78 0.5533285052297082 1.0
0.002 0.79 0.5765723851629907 1.0
0.002 0.8 0.5993358696866167 1.0
0.002 0.81 0.620522863714362 1.0
0.002 0.8200000000000001 0.639094939820099 1.0
0.002 0.83 0.6541104497873336 1.0
0.002 0.84 0.6647645035661834 1.0
0.002 0.85 0.670428656166766 1.0
0.002 0.86 0.6706886171926799 1.0
0.002 0.87 0.6653776799478618 1.0
0.002 0.88 0.6546029473240997 1.0
0.002 0.89 0.6387609479044326 1.0
0.002 0.9 0.6185390592733147 1.0
0.002 0.91 0.594899460702512 1.0
0.002 0.92 0.5690432575889667 1.0
0.002 0.93 0.5423539991124114 1.0
0.002 0.9400000000000001 0.5163219624247949 1.0
0.002 0.95 0.4924530676750046 1.0
0.002 0.96 0.47216875439188566 1.0
0.002 0.97 0.45670515256322297 1.0
0.002 0.98 0.44702099446319016 1.0
0.002 0.99 0.4437236203259001 1.0
0.004 -0.01 0.0 1.0
0.004 0.0 0.059347044533169684 1.0
0.004 0.01 0.11794646708061399 1.0
0.004 0.019999999999999997 0.1750683502561547 1.0
0.004 0.03 0.23001775062180216 1.0
0.004 0.04 0.2821511082512227 1.0
0.004 0.049999999999999996 0.3308913931431524 1.0
0.004 0.060000000000000005 0.375741616220776 1.0
0.004 0.07 0.4162963729196675 1.0
0.004 0.08 0.4522511358076725 1.0
0.004 0.09000000000000001 0.4834090681023314 1.0
0.004 0.1 0.5096851909903949 1.0
0.004 0.11 0.5311078028067445 1.0
0.004 0.12000000000000001 0.5478171157922612 1.0
0.004 0.13 0.5600611446558953 1.0
0.004 0.13999999999999999 0.5681889488284798 1.0
0.004 0.15 0.5726413954486907 1.0
0.004 0.16 0.5739396711606842 1.0
0.004 0.16999999999999998 0.5726718262253704 1.0
0.004 0.18 0.5694776828883348 1.0
0.004 0.19 0.5650324802143352 1.0
0.004 0.19999999999999998 0.5600296586995626 1.0
0.004 0.21 0.55516320914268 1.0
0.004 0.22 0.5511100209727852 1.0
0.004 0.22999999999999998 0.548512665232957 1.0
0.004 0.24 0.5479630367020243 1.0
0.004 0.25 0.5499872584684078 1.0
0.004 0.26 0.555032221169726 1.0
0.004 0.27 0.5634540888459587 1.0
0.004 0.27999999999999997 0.5755090549140223 1.0
0.004 0.29 0.5913465763501814 1.0
0.004 0.3 0.6110052531286828 1.0
0.004 0.31 0.6344114548131513 1.0
0.004 0.32 0.6613807285360295 1.0
0.004 0.33 0.6916219540966696 1.0
0.004 0.34 0.7247441442474368 1.0
0.004 0.35 0.7602657230854482 1.0
0.004 0.36 0.797626054429583 1.0
0.004 0.37 0.836198936641166 1.0
0.004 0.38 0.8753077319069008 1.0
0.004 0.39 0.9142417577370109 1.0
0.004 0.4 0.952273537331591 1.0
0.004 0.41 0.9886764842997635 1.0
0.004 0.42 1.0227425865005795 1.0
0.004 0.43 1.0537996537756955 1.0
0.004 0.44 1.0812277050617507 1.0
0.004 0.45 1.1044740915412916 1.0
0.004 0.46 1.1230669835941571 1.0
0.004 0.47 1.1366268895809235 1.0
0.004 0.48 1.144875922935717 1.0
0.004 0.49 1.1476445894757554 1.0
0.004 0.5 1.1448759278867646 1.0
0.004 0.51 1.1366269015170154 1.0
0.004 0.52 1.1230670073087408 1.0
0.004 0.53 1.1044741362554586 1.0
0.004 0.54 1.081227787521324 1.0
0.004 0.55 1.0537998036440226 1.0
0.004 0.56 1.0227428554841957 1.0
0.004 0.57 0.9886769613102253 1.0
0.004 0.58 0.9522743732945106 1.0
0.004 0.59 0.9142432056077303 1.0
0.004 0.6 0.8753102103069038 1.0
0.004 0.61 0.8362031296363016 1.0
0.004 0.62 0.7976330657661961 1.0
0.004 0.63 0.7602773112123705 1.0
0.004 0.64 0.7247630752926985 1.0
0.004 0.65 0.6916525243048183 1.0
0.004 0.66 0.661429526171995 1.0
0.004 0.67 0.634488454778469 1.0
0.004 0.68 0.6111253658714757 1.0
0.004 0.6900000000000001 0.5915318060411625 1.0
0.004 0.7 0.5757914596529533 1.0
0.004 0.71 0.5638797763409613 1.0
0.004 0.72 0.5556666542625667 1.0
0.004 0.73 0.5509221820833241 1.0
0.004 0.74 0.5493253657971524 1.0
0.004 0.75 0.5504756851429322 1.0
0.004 0.76 0.5539072388346996 1.0
0.004 0.77 0.5591051487082825 1.0
0.004 0.78 0.5655238014544849 1.0
0.004 0.79 0.5726064150209671 1.0
0.004 0.8 0.57980532835644 1.0
0.004 0.81 0.5866023326216138 1.0
0.004 0.8200000000000001 0.5925282953498532 1.0
0.004 0.83 0.597181283536078 1.0
0.004 0.84 0.600242375233875 1.0
0.004 0.85 0.6014883699455016 1.0
0.004 0.86 0.6008006729714467 1.0
0.004 0.87 0.5981697429771905 1.0
0.004 0.88 0.5936946571632615 1.0
0.004 0.89 0.5875775621751643 1.0
0.004 0.9 0.5801130338664533 1.0
0.004 0.91 0.5716726525985832 1.0
0.004 0.92 0.5626853954172647 1.0
0.004 0.93 0.553614730850812 1.0
0.004 0.9400000000000001 0.5449335527724739 1.0
0.004 0.95 0.537098283406793 1.0
0.004 0.96 0.530523591426033 1.0
0.004 0.97 0.52555919361223 1.0
0.004 0.98 0.5224701294951114 1.0
0.004 0.99 0.5214217182411812 1.0
0.006 -0.01 0.0 1.0
0.006 0.0 0.047402036026350854 1.0
0.006 0.01 0.09433662609307544 1.0
0.006 0.019999999999999997 0.14034714374317708 1.0
0.006 0.03 0.18499833579436306 1.0
0.006 0.04 0.22788635119250503 1.0
0.006 0.049999999999999996 0.26864799868231803 1.0
0.006 0.060000000000000005 0.30696900601815913 1.0
0.006 0.07 0.3425910780205556 1.0
0.006 0.08 0.3753175803571295 1.0
0.006 0.09000000000000001 0.4050177097617979 1.0
0.006 0.1 0.431629048670371 1.0
0.006 0.11 0.45515844202637923 1.0
0.006 0.12000000000000001 0.4756811753187138 1.0
0.006 0.13 0.49333847473537135 1.0
0.006 0.13999999999999999 0.508333391625403 1.0
0.006 0.15 0.5209251732369802 1.0
0.006 0.16 0.5314222589638977 1.0
0.006 0.16999999999999998 0.5401740751682501 1.0
0.006 0.18 0.5475618312203553 1.0
0.006 0.19 0.5539885439800123 1.0
0.006 0.19999999999999998 0.559868536930628 1.0
0.006 0.21 0.5656166731020658 1.0
0.006 0.22 0.571637587461024 1.0
0.006 0.22999999999999998 0.5783151844483011 1.0
0.006 0.24 0.5860026598003726 1.0
0.006 0.25 0.5950132928694437 1.0
0.006 0.26 0.6056122366697632 1.0
0.006 0.27 0.6180095082960072 1.0
0.006 0.27999999999999997 0.632354352787283 1.0
0.006 0.29 0.6487311196759387 1.0
0.006 0.3 0.667156754197062 1.0
0.006 0.31 0.6875799653598585 1.0
0.006 0.32 0.7098820917754539 1.0
0.006 0.33 0.7338796443142729 1.0
0.006 0.34 0.759328463359793 1.0
0.006 0.35 0.785929388651483 1.0
0.006 0.36 0.8133353024475644 1.0
0.006 0.37 0.8411593729057213 1.0
0.006 0.38 0.8689842950104599 1.0
0.006 0.39 0.8963723017981144 1.0
0.006 0.4 0.9228756996505013 1.0
0.006 0.41 0.9480476685143974 1.0
0.006 0.42 0.971453061375883 1.0
0.006 0.43 0.9926789373390936 1.0
0.006 0.44 1.0113445692304606 1.0
0.006 0.45 1.0271106796143012 1.0
0.006 0.46 1.0396876781496298 1.0
0.006 0.47 1.0488426978792746 1.0
0.006 0.48 1.054405257722296 1.0
0.006 0.49 1.0562714124196007 1.0
0.006 0.5 1.0544062886372565 1.0
0.006 0.51 1.0488449459565163 1.0
0.006 0.52 1.0396915431071831 1.0
0.006 0.53 1.0271168320282358 1.0
0.006 0.54 1.0113540441499709 1.0
0.006 0.55 0.9926932736798043 1.0
0.006 0.56 0.9714745006676664 1.0
0.006 0.57 0.9480794313105357 1.0
0.006 0.58 0.9229223634875269 1.0
0.006 0.59 0.8964403111468434 1.0
0.006 0.6 0.8690826412482987 1.0
0.006 0.61 0.8413004909696357 1.0
0.006 0.62 0.813536240403534 1.0
0.006 0.63 0.7862133167239006 1.0
0.006 0.64 0.759726599632987 1.0
0.006 0.65 0.734433684793402 1.0
0.006 0.66 0.7106472420103017 1.0
0.006 0.67 0.6886286783999898 1.0
0.006 0.68 0.6685832840374265 1.0
0.006 0.6900000000000001 0.6506569991320508 1.0
0.006 0.7 0.6349348983012317 1.0
0.006 0.71 0.6214414398129404 1.0
0.006 0.72 0.6101424767410912 1.0
0.006 0.73 0.6009489739835068 1.0
0.006 0.74 0.5937223213831998 1.0
0.006 0.75 0.5882810803018177 1.0
0.006 0.76 0.5844089506246412 1.0
0.006 0.77 0.581863699178985 1.0
0.006 0.78 0.5803867508698732 1.0
0.006 0.79 0.5797131124567657 1.0
0.006 0.8 0.5795812777313148 1.0
0.006 0.81 0.5797427536567514 1.0
0.006 0.8200000000000001 0.5799708512444456 1.0
0.006 0.83 0.5800684035882263 1.0
0.006 0.84 0.5798741069980174 1.0
0.006 0.85 0.5792672293258073 1.0
0.006 0.86 0.5781704913278236 1.0
0.006 0.87 0.5765510003875457 1.0
0.006 0.88 0.5744191984284744 1.0
0.006 0.89 0.571825873894082 1.0
0.006 0.9 0.5688573771454164 1.0
0.006 0.91 0.5656292649622477 1.0
0.006 0.92 0.5622786782833205 1.0
0.006 0.93 0.558955823250168 1.0
0.006 0.9400000000000001 0.5558149748263456 1.0
0.006 0.95 0.5530054513011348 1.0
0.006 0.96 0.5506630144434022 1.0
0.006 0.97 0.5489021328036865 1.0
0.006 0.98 0.5478095049392979 1.0
0.006 0.99 0.5474391768854405 1.0
0.008 -0.01 0.0 1.0
0.008 0.0 0.03989129153488058 1.0
0.008 0.01 0.0794863994963961 1.0
0.008 0.019999999999999997 0.11849575626309099 1.0
0.008 0.03 0.15664286387882223 1.0
0.008 0.04 0.1936704272833416 1.0
0.008 0.049999999999999996 0.2293460167057744 1.0
0.008 0.060000000000000005 0.26346712045830806 1.0
0.008 0.07 0.29586546437514494 1.0
0.008 0.08 0.32641049219611296 1.0
0.008 0.09000000000000001 0.35501192185072783 1.0
0.008 0.1 0.3816213153483125 1.0
0.008 0.11 0.4062326242628553 1.0
0.008 0.12000000000000001 0.4288816980196908 1.0
0.008 0.13 0.4496447677238592 1.0
0.008 0.13999999999999999 0.4686359434884602 1.0
0.008 0.15 0.48600378750449236 1.0
0.008 0.16 0.5019270478436575 1.0
0.008 0.16999999999999998 0.5166096586422163 1.0
0.008 0.18 0.5302751303686044 1.0
0.008 0.19 0.5431604688855952 1.0
0.008 0.19999999999999998 0.5555097736097971 1.0
0.008 0.21 0.5675676729617729 1.0
0.008 0.22 0.5795727592948271 1.0
0.008 0.22999999999999998 0.5917511854911535 1.0
0.008 0.24 0.6043105814206222 1.0
0.008 0.25 0.6174344405683687 1.0
0.008 0.26 0.631277115546882 1.0
0.008 0.27 0.6459595462019084 1.0
0.008 0.27999999999999997 0.6615658259688864 1.0
0.008 0.29 0.6781406914824281 1.0
0.008 0.3 0.6956879976943605 1.0
0.008 0.31 0.7141702164765069 1.0
0.008 0.32 0.7335089714708336 1.0
0.008 0.33 0.7535865964233073 1.0
0.008 0.34 0.7742486790278978 1.0
0.008 0.35 0.7953075280353998 1.0
0.008 0.36 0.8165464786467861 1.0
0.008 0.37 0.8377249305740774 1.0
0.008 0.38 0.8585839951230606 1.0
0.008 0.39 0.8788526126779647 1.0
0.008 0.4 0.89825399041983 1.0
0.008 0.41 0.9165122022756496 1.0
0.008 0.42 0.9333587891713089 1.0
0.008 0.43 0.948539197749308 1.0
0.008 0.44 0.9618188998154638 1.0
0.008 0.45 0.9729890428022544 1.0
0.008 0.46 0.9818714932892455 1.0
0.008 0.47 0.9883231508206476 1.0
0.008 0.48 0.99223942753916 1.0
0.008 0.49 0.9935568100704094 1.0
0.008 0.5 0.9922544431340593 1.0
0.008 0.51 0.9883546989626585 1.0
0.008 0.52 0.9819227221731186 1.0
0.008 0.53 0.9730649656266884 1.0
0.008 0.54 0.961926758387161 1.0
0.008 0.55 0.9486889715012667 1.0
0.008 0.56 0.9335638703539256 1.0
0.008 0.57 0.9167902631989876 1.0
0.008 0.58 0.8986280735827186 1.0
0.008 0.59 0.8793524792693603 1.0
0.008 0.6 0.8592477715219918 1.0
0.008 0.61 0.8386010958445886 1.0
0.008 0.62 0.8176962382998676 1.0
0.008 0.63 0.7968076201285244 1.0
0.008 0.64 0.7761946575611828 1.0
0.008 0.65 0.7560966334990012 1.0
0.008 0.66 0.7367282133222869 1.0
0.008 0.67 0.7182757187663795 1.0
0.008 0.68 0.7008942519954457 1.0
0.008 0.6900000000000001 0.6847057372373143 1.0
0.008 0.7 0.6697979202541529 1.0
0.008 0.71 0.6562243372517814 1.0
0.008 0.72 0.6440052353975757 1.0
0.008 0.73 0.6331293978139142 1.0
0.008 0.74 0.6235567976775713 1.0
0.008 0.75 0.6152219798408459 1.0
0.008 0.76 0.6080380451412122 1.0
0.008 0.77 0.6019010931799793 1.0
0.008 0.78 0.5966949646399837 1.0
0.008 0.79 0.5922961148684399 1.0
0.008 0.8 0.588578447003674 1.0
0.008 0.81 0.5854179357072365 1.0
0.008 0.8200000000000001 0.5826968816824274 1.0
0.008 0.83 0.5803076524727203 1.0
0.008 0.84 0.5781557861308174 1.0
0.008 0.85 0.5761623605568047 1.0
0.008 0.86 0.5742655616929155 1.0
0.008 0.87 0.5724214171742894 1.0
0.008 0.88 0.5706036971222915 1.0
0.008 0.89 0.5688030190459412 1.0
0.008 0.9 0.5670252277339166 1.0
0.008 0.91 0.5652891520234282 1.0
0.008 0.92 0.5636238669538625 1.0
0.008 0.93 0.562065610744181 1.0
0.008 0.9400000000000001 0.5606545202007832 1.0
0.008 0.95 0.5594313547950986 1.0
0.008 0.96 0.558434378327918 1.0
0.008 0.97 0.557696557786698 1.0
0.008 0.98 0.5572432220675337 1.0
0.008 0.99 0.5570902994285881 1.0
