0.0 0.0 0.0 1.0
0.0 0.01 0.10962799159824757 1.0
0.0 0.02 0.2172990167167858 1.0
0.0 0.03 0.3211035631882886 1.0
0.0 0.04 0.4192258597105456 1.0
0.0 0.05 0.5099878556335037 1.0
0.0 0.06 0.5918898117731957 1.0
0.0 0.07 0.6636465034907241 1.0
0.0 0.08 0.7242181453124336 1.0
0.0 0.09 0.7728352763367973 1.0
0.0 0.1 0.8090169943749497 1.0
0.0 0.11 0.8325820905428613 1.0
0.0 0.12 0.8436528108322516 1.0
0.0 0.13 0.8426511527289646 1.0
0.0 0.14 0.830287788752549 1.0
0.0 0.15 0.8075438903328191 1.0
0.0 0.16 0.7756463002479441 1.0
0.0 0.17 0.7360366656201546 1.0
0.0 0.18 0.6903352921664626 1.0
0.0 0.19 0.6403006103722487 1.0
0.0 0.2 0.5877852522924726 1.0
0.0 0.21 0.5346898211328646 1.0
0.0 0.22 0.48291549256120825 1.0
0.0 0.23 0.4343166154538782 1.0
0.0 0.24 0.3906544797824583 1.0
0.0 0.25 0.35355339059327145 1.0
0.0 0.26 0.32446013023393727 1.0
0.0 0.27 0.3046078075362731 1.0
0.0 0.28 0.29498498462821265 1.0
0.0 0.29 0.296310842078122 1.0
0.0 0.3 0.3090169943749466 1.0
0.0 0.31 0.333236403976997 1.0
0.0 0.32 0.3687996673544371 1.0
0.0 0.33 0.41523876490975975 1.0
0.0 0.34 0.4717981828563833 1.0
0.0 0.35000000000000003 0.5374531335951029 1.0
0.0 0.36 0.6109344263197779 1.0
0.0 0.37 0.6907593758142129 1.0
0.0 0.38 0.7752679887007717 1.0
0.0 0.39 0.862663536434114 1.0
0.0 0.4 0.9510565162951474 1.0
0.0 0.41000000000000003 1.0385109181970686 1.0
0.0 0.42 1.1230916583161041 1.0
0.0 0.43 1.20291201180852 1.0
0.0 0.44 1.2761798768749217 1.0
0.0 0.45 1.3412417311884073 1.0
0.0 0.46 1.3966231985019533 1.0
0.0 0.47000000000000003 1.4410652266972672 1.0
0.0 0.48 1.4735549865758535 1.0
0.0 0.49 1.4933507306632967 1.0
0.0 0.5 1.5000000000000004 1.0
0.0 0.51 1.493350730663298 1.0
0.0 0.52 1.4735549865758475 1.0
0.0 0.53 1.441065226697262 1.0
0.0 0.54 1.3966231985019484 1.0
0.0 0.55 1.341241731188414 1.0
0.0 0.56 1.276179876874922 1.0
0.0 0.5700000000000001 1.2029120118085301 1.0
0.0 0.58 1.1230916583161081 1.0
0.0 0.59 1.0385109181970555 1.0
0.0 0.6 0.9510565162951612 1.0
0.0 0.61 0.862663536434101 1.0
0.0 0.62 0.7752679887007768 1.0
0.0 0.63 0.6907593758142095 1.0
0.0 0.64 0.6109344263197807 1.0
0.0 0.65 0.5374531335950967 1.0
0.0 0.66 0.4717981828563829 1.0
0.0 0.67 0.41523876490976025 1.0
0.0 0.68 0.3687996673544401 1.0
0.0 0.6900000000000001 0.333236403976991 1.0
0.0 0.7000000000000001 0.3090169943749517 1.0
0.0 0.71 0.2963108420781199 1.0
0.0 0.72 0.29498498462821254 1.0
0.0 0.73 0.30460780753627753 1.0
0.0 0.74 0.32446013023394 1.0
0.0 0.75 0.35355339059326674 1.0
0.0 0.76 0.390654479782456 1.0
0.0 0.77 0.4343166154538762 1.0
0.0 0.78 0.48291549256122057 1.0
0.0 0.79 0.5346898211328567 1.0
0.0 0.8 0.5877852522924675 1.0
0.0 0.81 0.6403006103722454 1.0
0.0 0.8200000000000001 0.6903352921664694 1.0
0.0 0.8300000000000001 0.7360366656201547 1.0
0.0 0.84 0.7756463002479513 1.0
0.0 0.85 0.8075438903328157 1.0
0.0 0.86 0.8302877887525485 1.0
0.0 0.87 0.84265115272896 1.0
0.0 0.88 0.8436528108322563 1.0
0.0 0.89 0.8325820905428566 1.0
0.0 0.9 0.8090169943749492 1.0
0.0 0.91 0.772835276336795 1.0
0.0 0.92 0.7242181453124316 1.0
0.0 0.93 0.6636465034907273 1.0
0.0 0.9400000000000001 0.5918898117731981 1.0
0.0 0.9500000000000001 0.5099878556335026 1.0
0.0 0.96 0.41922585971054405 1.0
0.0 0.97 0.32110356318828825 1.0
0.0 0.98 0.21729901671678525 1.0
0.0 0.99 0.10962799159824729 1.0
0.0 1.0 4.2862637970157257e-16 1.0
0.001 0.0 0.0 1.0
0.001 0.01 6.432910012360008e-08 1.0
0.001 0.02 2.294197316324587e-07 1.0
0.001 0.03 7.264476851164186e-07 1.0
0.001 0.04 2.179831694049592e-06 1.0
0.001 0.05 6.229853143108684e-06 1.0
0.001 0.06 1.6966977405135458e-05 1.0
0.001 0.07 4.404455551186419e-05 1.0
0.001 0.08 0.00010900028145308112 1.0
0.001 0.09 0.00025722150165891896 1.0
0.001 0.1 0.0005789493150535652 1.0
0.001 0.11 0.001243230737046632 1.0
0.001 0.12 0.0025479013551570687 1.0
0.001 0.13 0.004985346963221208 1.0
0.001 0.14 0.009317005961004246 1.0
0.001 0.15 0.016639497241967467 1.0
0.001 0.16 0.028414167182722248 1.0
0.001 0.17 0.046424589518799006 1.0
0.001 0.18 0.07262959939143876 1.0
0.001 0.19 0.10889813613340003 1.0
0.001 0.2 0.15664677728675572 1.0
0.001 0.21 0.21644348527039659 1.0
0.001 0.22 0.28767608742178297 1.0
0.001 0.23 0.36839320035755113 1.0
0.001 0.24 0.4553968970961801 1.0
0.001 0.25 0.5446031029038187 1.0
0.001 0.26 0.6316067996424481 1.0
0.001 0.27 0.7123239125782165 1.0
0.001 0.28 0.7835565147296031 1.0
0.001 0.29 0.8433532227132436 1.0
0.001 0.3 0.8911018638665994 1.0
0.001 0.31 0.9273704006085607 1.0
0.001 0.32 0.9535754104812009 1.0
0.001 0.33 0.9715858328172775 1.0
0.001 0.34 0.983360502758032 1.0
0.001 0.35000000000000003 0.9906829940389953 1.0
0.001 0.36 0.9950146530367783 1.0
0.001 0.37 0.9974520986448421 1.0
0.001 0.38 0.9987567692629519 1.0
0.001 0.39 0.9994210506849405 1.0
0.001 0.4 0.9997427784983093 1.0
0.001 0.41000000000000003 0.999890999718377 1.0
0.001 0.42 0.9999559554436134 1.0
0.001 0.43 0.9999830330183014 1.0
0.001 0.44 0.9999937701267902 1.0
0.001 0.45 0.9999978200789841 1.0
0.001 0.46 0.9999992731736022 1.0
0.001 0.47000000000000003 0.9999997690507132 1.0
0.001 0.48 0.9999999297855608 1.0
0.001 0.49 0.9999999784233695 1.0
0.001 0.5 0.9999999889483031 1.0
0.001 0.51 0.9999999784233697 1.0
0.001 0.52 0.9999999297855606 1.0
0.001 0.53 0.9999997690507132 1.0
0.001 0.54 0.9999992731736024 1.0
0.001 0.55 0.9999978200789845 1.0
0.001 0.56 0.9999937701267905 1.0
0.001 0.5700000000000001 0.9999830330183016 1.0
0.001 0.58 0.9999559554436134 1.0
0.001 0.59 0.9998909997183766 1.0
0.001 0.6 0.9997427784983095 1.0
0.001 0.61 0.99942105068494 1.0
0.001 0.62 0.9987567692629522 1.0
0.001 0.63 0.9974520986448422 1.0
0.001 0.64 0.9950146530367777 1.0
0.001 0.65 0.9906829940389955 1.0
0.001 0.66 0.9833605027580316 1.0
0.001 0.67 0.9715858328172775 1.0
0.001 0.68 0.9535754104812005 1.0
0.001 0.6900000000000001 0.9273704006085608 1.0
0.001 0.7000000000000001 0.8911018638665997 1.0
0.001 0.71 0.8433532227132445 1.0
0.001 0.72 0.7835565147296035 1.0
0.001 0.73 0.7123239125782167 1.0
0.001 0.74 0.6316067996424486 1.0
0.001 0.75 0.5446031029038191 1.0
0.001 0.76 0.4553968970961805 1.0
0.001 0.77 0.36839320035755085 1.0
0.001 0.78 0.2876760874217831 1.0
0.001 0.79 0.21644348527039628 1.0
0.001 0.8 0.15664677728675583 1.0
0.001 0.81 0.10889813613339994 1.0
0.001 0.8200000000000001 0.0726295993914385 1.0
0.001 0.8300000000000001 0.046424589518798826 1.0
0.001 0.84 0.028414167182722393 1.0
0.001 0.85 0.016639497241967553 1.0
0.001 0.86 0.009317005961004514 1.0
0.001 0.87 0.004985346963221363 1.0
0.001 0.88 0.0025479013551572916 1.0
0.001 0.89 0.0012432307370469193 1.0
0.001 0.9 0.0005789493150539978 1.0
0.001 0.91 0.00025722150165897214 1.0
0.001 0.92 0.00010900028145329941 1.0
0.001 0.93 4.4044555511665483e-05 1.0
0.001 0.9400000000000001 1.6966977405613005e-05 1.0
0.001 0.9500000000000001 6.2298531434077416e-06 1.0
0.001 0.96 2.17983169438443e-06 1.0
0.001 0.97 7.264476849189222e-07 1.0
0.001 0.98 2.2941973157608056e-07 1.0
0.001 0.99 6.43290999398152e-08 1.0
0.001 1.0 -1.3574630709111144e-17 1.0
0.002 0.0 0.0 1.0
0.002 0.01 7.261770800496545e-05 1.0
0.002 0.02 0.00017085396083046196 1.0
0.002 0.03 0.00032654011129799193 1.0
0.002 0.04 0.0005846222756339642 1.0
0.002 0.05 0.0010113559817584686 1.0
0.002 0.06 0.0017042085296176581 1.0
0.002 0.07 0.0028035652833320965 1.0
0.002 0.08 0.00450586365928726 1.0
0.002 0.09 0.007077151998783639 1.0
0.002 0.1 0.010865332584935524 1.0
0.002 0.11 0.01630860056550414 1.0
0.002 0.12 0.023936997940070807 1.0
0.002 0.13 0.03436377529175508 1.0
0.002 0.14 0.048263611888870295 1.0
0.002 0.15 0.06633585150471309 1.0
0.002 0.16 0.08925280638499872 1.0
0.002 0.17 0.11759571949347881 1.0
0.002 0.18 0.1517837986013987 1.0
0.002 0.19 0.19200430676499533 1.0
0.002 0.2 0.23815338644228268 1.0
0.002 0.21 0.2897975411896513 1.0
0.002 0.22 0.34616415439186754 1.0
0.002 0.23 0.4061661018134387 1.0
0.002 0.24 0.46846084347473926 1.0
0.002 0.25 0.5315391565252489 1.0
0.002 0.26 0.5938338981865301 1.0
0.002 0.27 0.6538358456080318 1.0
0.002 0.28 0.7102024588100229 1.0
0.002 0.29 0.7618466135566865 1.0
0.002 0.3 0.8079956932318186 1.0
0.002 0.31 0.8482162013889901 1.0
0.002 0.32 0.8824042804782231 1.0
0.002 0.33 0.9107471935336835 1.0
0.002 0.34 0.9336641482672174 1.0
0.002 0.35000000000000003 0.9517363874868006 1.0
0.002 0.36 0.965636223040073 1.0
0.002 0.37 0.9760629977091897 1.0
0.002 0.38 0.983691388358144 1.0
0.002 0.39 0.9891346398880595 1.0
0.002 0.4 0.9929227812179198 1.0
0.002 0.41000000000000003 0.9954939781639848 1.0
0.002 0.42 0.997196068950556 1.0
0.002 0.43 0.9982949656758288 1.0
0.002 0.44 0.998986823600418 1.0
0.002 0.45 0.9994114591784227 1.0
0.002 0.46 0.999665223071017 1.0
0.002 0.47000000000000003 0.9998122376527938 1.0
0.002 0.48 0.9998934836349093 1.0
0.002 0.49 0.9999336208155569 1.0
0.002 0.5 0.9999456526728595 1.0
0.002 0.51 0.9999336208155569 1.0
0.002 0.52 0.9998934836349093 1.0
0.002 0.53 0.9998122376527938 1.0
0.002 0.54 0.9996652230710168 1.0
0.002 0.55 0.9994114591784228 1.0
0.002 0.56 0.9989868236004178 1.0
0.002 0.5700000000000001 0.9982949656758289 1.0
0.002 0.58 0.997196068950556 1.0
0.002 0.59 0.9954939781639848 1.0
0.002 0.6 0.9929227812179197 1.0
0.002 0.61 0.9891346398880593 1.0
0.002 0.62 0.983691388358144 1.0
0.002 0.63 0.9760629977091899 1.0
0.002 0.64 0.9656362230400728 1.0
0.002 0.65 0.9517363874868006 1.0
0.002 0.66 0.9336641482672172 1.0
0.002 0.67 0.9107471935336834 1.0
0.002 0.68 0.882404280478223 1.0
0.002 0.6900000000000001 0.84821620138899 1.0
0.002 0.7000000000000001 0.8079956932318185 1.0
0.002 0.71 0.7618466135566869 1.0
0.002 0.72 0.7102024588100231 1.0
0.002 0.73 0.6538358456080319 1.0
0.002 0.74 0.5938338981865303 1.0
0.002 0.75 0.5315391565252491 1.0
0.002 0.76 0.46846084347473954 1.0
0.002 0.77 0.40616610181343876 1.0
0.002 0.78 0.3461641543918679 1.0
0.002 0.79 0.2897975411896513 1.0
0.002 0.8 0.23815338644228282 1.0
0.002 0.81 0.1920043067649952 1.0
0.002 0.8200000000000001 0.1517837986013985 1.0
0.002 0.8300000000000001 0.11759571949347854 1.0
0.002 0.84 0.08925280638499891 1.0
0.002 0.85 0.06633585150471316 1.0
0.002 0.86 0.04826361188887047 1.0
0.002 0.87 0.034363775291755126 1.0
0.002 0.88 0.023936997940071 1.0
0.002 0.89 0.01630860056550428 1.0
0.002 0.9 0.010865332584935808 1.0
0.002 0.91 0.007077151998783612 1.0
0.002 0.92 0.004505863659287407 1.0
0.002 0.93 0.0028035652833319287 1.0
0.002 0.9400000000000001 0.0017042085296180133 1.0
0.002 0.9500000000000001 0.0010113559817587494 1.0
0.002 0.96 0.000584622275634292 1.0
0.002 0.97 0.00032654011129788134 1.0
0.002 0.98 0.00017085396083043683 1.0
0.002 0.99 7.261770800484693e-05 1.0
0.002 1.0 -1.008304475036557e-17 1.0
0.003 0.0 0.0 1.0
0.003 0.01 0.0007056215632176145 1.0
0.003 0.02 0.001516904883766025 1.0
0.003 0.03 0.0025477330613513653 1.0
0.003 0.04 0.003928202694710762 1.0
0.003 0.05 0.0058121035859529475 1.0
0.003 0.06 0.008383504395161416 1.0
0.003 0.07 0.011861939196877419 1.0
0.003 0.08 0.016505568479020214 1.0
0.003 0.09 0.02261160161800129 1.0
0.003 0.1 0.03051325116734126 1.0
0.003 0.11 0.04057257430604445 1.0
0.003 0.12 0.053168766282242444 1.0
0.003 0.13 0.06868181194882625 1.0
0.003 0.14 0.08747186093647454 1.0
0.003 0.15 0.10985523221627777 1.0
0.003 0.16 0.1360785143074228 1.0
0.003 0.17 0.1662927301532394 1.0
0.003 0.18 0.20052989524054327 1.0
0.003 0.19 0.2386844346520845 1.0
0.003 0.2 0.28050178161802103 1.0
0.003 0.21 0.32557603409291425 1.0
0.003 0.22 0.3733578185384579 1.0
0.003 0.23 0.42317256937606457 1.0
0.003 0.24 0.47424838633181743 1.0
0.003 0.25 0.525751613353634 1.0
0.003 0.26 0.5768274300815602 1.0
0.003 0.27 0.6266421803158584 1.0
0.003 0.28 0.6744239634032017 1.0
0.003 0.29 0.7194982129446571 1.0
0.003 0.3 0.7613155537080116 1.0
0.003 0.31 0.7994700802309007 1.0
0.003 0.32 0.8337072189790642 1.0
0.003 0.33 0.8639213818807531 1.0
0.003 0.34 0.8901445592905096 1.0
0.003 0.35000000000000003 0.9125277269784178 1.0
0.003 0.36 0.9313173864792059 1.0
0.003 0.37 0.9468296992063584 1.0
0.003 0.38 0.959424534469899 1.0
0.003 0.39 0.9694813872856858 1.0
0.003 0.4 0.9773786123046745 1.0
0.003 0.41000000000000003 0.983476850198753 1.0
0.003 0.42 0.9881069698647978 1.0
0.003 0.43 0.9915623738982944 1.0
0.003 0.44 0.9940951533516718 1.0
0.003 0.45 0.9959153450990622 1.0
0.003 0.46 0.9971924356545717 1.0
0.003 0.47000000000000003 0.9980582495166093 1.0
0.003 0.48 0.9986104312313859 1.0
0.003 0.49 0.9989158505618836 1.0
0.003 0.5 0.9990134054374532 1.0
0.003 0.51 0.9989158505618836 1.0
0.003 0.52 0.9986104312313859 1.0
0.003 0.53 0.9980582495166093 1.0
0.003 0.54 0.9971924356545715 1.0
0.003 0.55 0.9959153450990623 1.0
0.003 0.56 0.9940951533516719 1.0
0.003 0.5700000000000001 0.9915623738982944 1.0
0.003 0.58 0.9881069698647982 1.0
0.003 0.59 0.9834768501987529 1.0
0.003 0.6 0.9773786123046747 1.0
0.003 0.61 0.9694813872856858 1.0
0.003 0.62 0.9594245344698992 1.0
0.003 0.63 0.9468296992063585 1.0
0.003 0.64 0.9313173864792057 1.0
0.003 0.65 0.912527726978418 1.0
0.003 0.66 0.8901445592905094 1.0
0.003 0.67 0.863921381880753 1.0
0.003 0.68 0.833707218979064 1.0
0.003 0.6900000000000001 0.7994700802309006 1.0
0.003 0.7000000000000001 0.7613155537080115 1.0
0.003 0.71 0.7194982129446577 1.0
0.003 0.72 0.6744239634032018 1.0
0.003 0.73 0.6266421803158584 1.0
0.003 0.74 0.5768274300815603 1.0
0.003 0.75 0.525751613353634 1.0
0.003 0.76 0.4742483863318177 1.0
0.003 0.77 0.4231725693760645 1.0
0.003 0.78 0.3733578185384581 1.0
0.003 0.79 0.3255760340929143 1.0
0.003 0.8 0.28050178161802125 1.0
0.003 0.81 0.23868443465208428 1.0
0.003 0.8200000000000001 0.2005298952405432 1.0
0.003 0.8300000000000001 0.16629273015323917 1.0
0.003 0.84 0.13607851430742296 1.0
0.003 0.85 0.10985523221627784 1.0
0.003 0.86 0.08747186093647459 1.0
0.003 0.87 0.0686818119488262 1.0
0.003 0.88 0.053168766282242694 1.0
0.003 0.89 0.04057257430604453 1.0
0.003 0.9 0.030513251167341483 1.0
0.003 0.91 0.02261160161800106 1.0
0.003 0.92 0.016505568479020315 1.0
0.003 0.93 0.011861939196877218 1.0
0.003 0.9400000000000001 0.008383504395161716 1.0
0.003 0.9500000000000001 0.0058121035859532485 1.0
0.003 0.96 0.003928202694711046 1.0
0.003 0.97 0.002547733061351236 1.0
0.003 0.98 0.001516904883765993 1.0
0.003 0.99 0.0007056215632175182 1.0
0.003 1.0 -1.801741098559485e-18 1.0
