0.0 -0.05 -0.05 1.0 1.0
0.0 -0.05 0.0 1.0 1.0
0.0 -0.05 0.05 0.0 1.0
0.0 -0.05 0.10000000000000002 0.0 1.0
0.0 -0.05 0.15000000000000002 0.0 1.0
0.0 -0.05 0.2 0.0 1.0
0.0 -0.05 0.25000000000000006 0.0 1.0
0.0 -0.05 0.30000000000000004 0.0 1.0
0.0 -0.05 0.35000000000000003 0.0 1.0
0.0 -0.05 0.4 0.0 1.0
0.0 -0.05 0.45 0.0 1.0
0.0 -0.05 0.5 0.0 1.0
0.0 -0.05 0.55 0.0 1.0
0.0 -0.05 0.6 0.0 1.0
0.0 -0.05 0.65 0.0 1.0
0.0 -0.05 0.7 0.0 1.0
0.0 -0.05 0.75 0.0 1.0
0.0 -0.05 0.8 0.0 1.0
0.0 -0.05 0.85 0.0 1.0
0.0 -0.05 0.9 0.0 1.0
0.0 -0.05 0.95 0.0 1.0
0.0 -0.05 1.0 0.0 1.0
0.0 -0.05 1.05 0.0 1.0
0.0 0.0 -0.05 1.0 1.0
0.0 0.0 0.0 1.0 1.0
0.0 0.0 0.05 0.0 1.0
0.0 0.0 0.10000000000000002 0.0 1.0
0.0 0.0 0.15000000000000002 0.0 1.0
0.0 0.0 0.2 0.0 1.0
0.0 0.0 0.25000000000000006 0.0 1.0
0.0 0.0 0.30000000000000004 0.0 1.0
0.0 0.0 0.35000000000000003 0.0 1.0
0.0 0.0 0.4 0.0 1.0
0.0 0.0 0.45 0.0 1.0
0.0 0.0 0.5 0.0 1.0
0.0 0.0 0.55 0.0 0.1
0.0 0.0 0.6 0.0 0.1
0.0 0.0 0.65 0.0 0.1
0.0 0.0 0.7 0.0 0.1
0.0 0.0 0.75 0.0 0.1
0.0 0.0 0.8 0.0 0.1
0.0 0.0 0.85 0.0 0.1
0.0 0.0 0.9 0.0 0.1
0.0 0.0 0.95 0.0 0.1
0.0 0.0 1.0 0.0 0.1
0.0 0.0 1.05 0.0 1.0
0.0 0.05 -0.05 1.0 1.0
0.0 0.05 0.0 1.0 1.0
0.0 0.05 0.05 0.0 1.0
0.0 0.05 0.10000000000000002 0.0 1.0
0.0 0.05 0.15000000000000002 0.0 1.0
0.0 0.05 0.2 0.0 1.0
0.0 0.05 0.25000000000000006 0.0 1.0
0.0 0.05 0.30000000000000004 0.0 1.0
0.0 0.05 0.35000000000000003 0.0 1.0
0.0 0.05 0.4 0.0 1.0
0.0 0.05 0.45 0.0 1.0
0.0 0.05 0.5 0.0 1.0
0.0 0.05 0.55 0.0 0.1
0.0 0.05 0.6 0.0 0.1
0.0 0.05 0.65 0.0 0.1
0.0 0.05 0.7 0.0 0.1
0.0 0.05 0.75 0.0 0.1
0.0 0.05 0.8 0.0 0.1
0.0 0.05 0.85 0.0 0.1
0.0 0.05 0.9 0.0 0.1
0.0 0.05 0.95 0.0 0.1
0.0 0.05 1.0 0.0 0.1
0.0 0.05 1.05 0.0 1.0
0.0 0.10000000000000002 -0.05 1.0 1.0
0.0 0.10000000000000002 0.0 1.0 1.0
0.0 0.10000000000000002 0.05 0.0 1.0
0.0 0.10000000000000002 0.10000000000000002 0.0 1.0
0.0 0.10000000000000002 0.15000000000000002 0.0 1.0
0.0 0.10000000000000002 0.2 0.0 1.0
0.0 0.10000000000000002 0.25000000000000006 0.0 1.0
0.0 0.10000000000000002 0.30000000000000004 0.0 1.0
0.0 0.10000000000000002 0.35000000000000003 0.0 1.0
0.0 0.10000000000000002 0.4 0.0 1.0
0.0 0.10000000000000002 0.45 0.0 1.0
0.0 0.10000000000000002 0.5 0.0 1.0
0.0 0.10000000000000002 0.55 0.0 0.1
0.0 0.10000000000000002 0.6 0.0 0.1
0.0 0.10000000000000002 0.65 0.0 0.1
0.0 0.10000000000000002 0.7 0.0 0.1
0.0 0.10000000000000002 0.75 0.0 0.1
0.0 0.10000000000000002 0.8 0.0 0.1
0.0 0.10000000000000002 0.85 0.0 0.1
0.0 0.10000000000000002 0.9 0.0 0.1
0.0 0.10000000000000002 0.95 0.0 0.1
0.0 0.10000000000000002 1.0 0.0 0.1
0.0 0.10000000000000002 1.05 0.0 1.0
0.0 0.15000000000000002 -0.05 1.0 1.0
0.0 0.15000000000000002 0.0 1.0 1.0
0.0 0.15000000000000002 0.05 0.0 1.0
0.0 0.15000000000000002 0.10000000000000002 0.0 1.0
0.0 0.15000000000000002 0.15000000000000002 0.0 1.0
0.0 0.15000000000000002 0.2 0.0 1.0
0.0 0.15000000000000002 0.25000000000000006 0.0 1.0
0.0 0.15000000000000002 0.30000000000000004 0.0 1.0
0.0 0.15000000000000002 0.35000000000000003 0.0 1.0
0.0 0.15000000000000002 0.4 0.0 1.0
0.0 0.15000000000000002 0.45 0.0 1.0
0.0 0.15000000000000002 0.5 0.0 1.0
0.0 0.15000000000000002 0.55 0.0 0.1
0.0 0.15000000000000002 0.6 0.0 0.1
0.0 0.15000000000000002 0.65 0.0 0.1
0.0 0.15000000000000002 0.7 0.0 0.1
0.0 0.15000000000000002 0.75 0.0 0.1
0.0 0.15000000000000002 0.8 0.0 0.1
0.0 0.15000000000000002 0.85 0.0 0.1
0.0 0.15000000000000002 0.9 0.0 0.1
0.0 0.15000000000000002 0.95 0.0 0.1
0.0 0.15000000000000002 1.0 0.0 0.1
0.0 0.15000000000000002 1.05 0.0 1.0
0.0 0.2 -0.05 1.0 1.0
0.0 0.2 0.0 1.0 1.0
0.0 0.2 0.05 0.0 1.0
0.0 0.2 0.10000000000000002 0.0 1.0
0.0 0.2 0.15000000000000002 0.0 1.0
0.0 0.2 0.2 0.0 1.0
0.0 0.2 0.25000000000000006 0.0 1.0
0.0 0.2 0.30000000000000004 0.0 1.0
0.0 0.2 0.35000000000000003 0.0 1.0
0.0 0.2 0.4 0.0 1.0
0.0 0.2 0.45 0.0 1.0
0.0 0.2 0.5 0.0 1.0
0.0 0.2 0.55 0.0 0.1
0.0 0.2 0.6 0.0 0.1
0.0 0.2 0.65 0.0 0.1
0.0 0.2 0.7 0.0 0.1
0.0 0.2 0.75 0.0 0.1
0.0 0.2 0.8 0.0 0.1
0.0 0.2 0.85 0.0 0.1
0.0 0.2 0.9 0.0 0.1
0.0 0.2 0.95 0.0 0.1
0.0 0.2 1.0 0.0 0.1
0.0 0.2 1.05 0.0 1.0
0.0 0.25000000000000006 -0.05 1.0 1.0
0.0 0.25000000000000006 0.0 1.0 1.0
0.0 0.25000000000000006 0.05 0.0 1.0
0.0 0.25000000000000006 0.10000000000000002 0.0 1.0
0.0 0.25000000000000006 0.15000000000000002 0.0 1.0
0.0 0.25000000000000006 0.2 0.0 1.0
0.0 0.25000000000000006 0.25000000000000006 0.0 1.0
0.0 0.25000000000000006 0.30000000000000004 0.0 1.0
0.0 0.25000000000000006 0.35000000000000003 0.0 1.0
0.0 0.25000000000000006 0.4 0.0 1.0
0.0 0.25000000000000006 0.45 0.0 1.0
0.0 0.25000000000000006 0.5 0.0 1.0
0.0 0.25000000000000006 0.55 0.0 0.1
0.0 0.25000000000000006 0.6 0.0 0.1
0.0 0.25000000000000006 0.65 0.0 0.1
0.0 0.25000000000000006 0.7 0.0 0.1
0.0 0.25000000000000006 0.75 0.0 0.1
0.0 0.25000000000000006 0.8 0.0 0.1
0.0 0.25000000000000006 0.85 0.0 0.1
0.0 0.25000000000000006 0.9 0.0 0.1
0.0 0.25000000000000006 0.95 0.0 0.1
0.0 0.25000000000000006 1.0 0.0 0.1
0.0 0.25000000000000006 1.05 0.0 1.0
0.0 0.30000000000000004 -0.05 1.0 1.0
0.0 0.30000000000000004 0.0 1.0 1.0
0.0 0.30000000000000004 0.05 0.0 1.0
0.0 0.30000000000000004 0.10000000000000002 0.0 1.0
0.0 0.30000000000000004 0.15000000000000002 0.0 1.0
0.0 0.30000000000000004 0.2 0.0 1.0
0.0 0.30000000000000004 0.25000000000000006 0.0 1.0
0.0 0.30000000000000004 0.30000000000000004 0.0 1.0
0.0 0.30000000000000004 0.35000000000000003 0.0 1.0
0.0 0.30000000000000004 0.4 0.0 1.0
0.0 0.30000000000000004 0.45 0.0 1.0
0.0 0.30000000000000004 0.5 0.0 1.0
0.0 0.30000000000000004 0.55 0.0 0.1
0.0 0.30000000000000004 0.6 0.0 0.1
0.0 0.30000000000000004 0.65 0.0 0.1
0.0 0.30000000000000004 0.7 0.0 0.1
0.0 0.30000000000000004 0.75 0.0 0.1
0.0 0.30000000000000004 0.8 0.0 0.1
0.0 0.30000000000000004 0.85 0.0 0.1
0.0 0.30000000000000004 0.9 0.0 0.1
0.0 0.30000000000000004 0.95 0.0 0.1
0.0 0.30000000000000004 1.0 0.0 0.1
0.0 0.30000000000000004 1.05 0.0 1.0
0.0 0.35000000000000003 -0.05 1.0 1.0
0.0 0.35000000000000003 0.0 1.0 1.0
0.0 0.35000000000000003 0.05 0.0 1.0
0.0 0.35000000000000003 0.10000000000000002 0.0 1.0
0.0 0.35000000000000003 0.15000000000000002 0.0 1.0
0.0 0.35000000000000003 0.2 0.0 1.0
0.0 0.35000000000000003 0.25000000000000006 0.0 1.0
0.0 0.35000000000000003 0.30000000000000004 0.0 1.0
0.0 0.35000000000000003 0.35000000000000003 0.0 1.0
0.0 0.35000000000000003 0.4 0.0 1.0
0.0 0.35000000000000003 0.45 0.0 1.0
0.0 0.35000000000000003 0.5 0.0 1.0
0.0 0.35000000000000003 0.55 0.0 0.1
0.0 0.35000000000000003 0.6 0.0 0.1
0.0 0.35000000000000003 0.65 0.0 0.1
0.0 0.35000000000000003 0.7 0.0 0.1
0.0 0.35000000000000003 0.75 0.0 0.1
0.0 0.35000000000000003 0.8 0.0 0.1
0.0 0.35000000000000003 0.85 0.0 0.1
0.0 0.35000000000000003 0.9 0.0 0.1
0.0 0.35000000000000003 0.95 0.0 0.1
0.0 0.35000000000000003 1.0 0.0 0.1
0.0 0.35000000000000003 1.05 0.0 1.0
0.0 0.4 -0.05 1.0 1.0
0.0 0.4 0.0 1.0 1.0
0.0 0.4 0.05 0.0 1.0
0.0 0.4 0.10000000000000002 0.0 1.0
0.0 0.4 0.15000000000000002 0.0 1.0
0.0 0.4 0.2 0.0 1.0
0.0 0.4 0.25000000000000006 0.0 1.0
0.0 0.4 0.30000000000000004 0.0 1.0
0.0 0.4 0.35000000000000003 0.0 1.0
0.0 0.4 0.4 0.0 1.0
0.0 0.4 0.45 0.0 1.0
0.0 0.4 0.5 0.0 1.0
0.0 0.4 0.55 0.0 0.1
0.0 0.4 0.6 0.0 0.1
0.0 0.4 0.65 0.0 0.1
0.0 0.4 0.7 0.0 0.1
0.0 0.4 0.75 0.0 0.1
0.0 0.4 0.8 0.0 0.1
0.0 0.4 0.85 0.0 0.1
0.0 0.4 0.9 0.0 0.1
0.0 0.4 0.95 0.0 0.1
0.0 0.4 1.0 0.0 0.1
0.0 0.4 1.05 0.0 1.0
0.0 0.45 -0.05 1.0 1.0
0.0 0.45 0.0 1.0 1.0
0.0 0.45 0.05 0.0 1.0
0.0 0.45 0.10000000000000002 0.0 1.0
0.0 0.45 0.15000000000000002 0.0 1.0
0.0 0.45 0.2 0.0 1.0
0.0 0.45 0.25000000000000006 0.0 1.0
0.0 0.45 0.30000000000000004 0.0 1.0
0.0 0.45 0.35000000000000003 0.0 1.0
0.0 0.45 0.4 0.0 1.0
0.0 0.45 0.45 0.0 1.0
0.0 0.45 0.5 0.0 1.0
0.0 0.45 0.55 0.0 0.1
0.0 0.45 0.6 0.0 0.1
0.0 0.45 0.65 0.0 0.1
0.0 0.45 0.7 0.0 0.1
0.0 0.45 0.75 0.0 0.1
0.0 0.45 0.8 0.0 0.1
0.0 0.45 0.85 0.0 0.1
0.0 0.45 0.9 0.0 0.1
0.0 0.45 0.95 0.0 0.1
0.0 0.45 1.0 0.0 0.1
0.0 0.45 1.05 0.0 1.0
0.0 0.5 -0.05 1.0 1.0
0.0 0.5 0.0 1.0 1.0
0.0 0.5 0.05 0.0 1.0
0.0 0.5 0.10000000000000002 0.0 1.0
0.0 0.5 0.15000000000000002 0.0 1.0
0.0 0.5 0.2 0.0 1.0
0.0 0.5 0.25000000000000006 0.0 1.0
0.0 0.5 0.30000000000000004 0.0 1.0
0.0 0.5 0.35000000000000003 0.0 1.0
0.0 0.5 0.4 0.0 1.0
0.0 0.5 0.45 0.0 1.0
0.0 0.5 0.5 0.0 1.0
0.0 0.5 0.55 0.0 0.1
0.0 0.5 0.6 0.0 0.1
0.0 0.5 0.65 0.0 0.1
0.0 0.5 0.7 0.0 0.1
0.0 0.5 0.75 0.0 0.1
0.0 0.5 0.8 0.0 0.1
0.0 0.5 0.85 0.0 0.1
0.0 0.5 0.9 0.0 0.1
0.0 0.5 0.95 0.0 0.1
0.0 0.5 1.0 0.0 0.1
0.0 0.5 1.05 0.0 1.0
0.0 0.55 -0.05 1.0 1.0
0.0 0.55 0.0 1.0 1.0
0.0 0.55 0.05 0.0 1.0
0.0 0.55 0.10000000000000002 0.0 1.0
0.0 0.55 0.15000000000000002 0.0 1.0
0.0 0.55 0.2 0.0 1.0
0.0 0.55 0.25000000000000006 0.0 1.0
0.0 0.55 0.30000000000000004 0.0 1.0
0.0 0.55 0.35000000000000003 0.0 1.0
0.0 0.55 0.4 0.0 1.0
0.0 0.55 0.45 0.0 1.0
0.0 0.55 0.5 0.0 1.0
0.0 0.55 0.55 0.0 0.1
0.0 0.55 0.6 0.0 0.1
0.0 0.55 0.65 0.0 0.1
0.0 0.55 0.7 0.0 0.1
0.0 0.55 0.75 0.0 0.1
0.0 0.55 0.8 0.0 0.1
0.0 0.55 0.85 0.0 0.1
0.0 0.55 0.9 0.0 0.1
0.0 0.55 0.95 0.0 0.1
0.0 0.55 1.0 0.0 0.1
0.0 0.55 1.05 0.0 1.0
0.0 0.6 -0.05 1.0 1.0
0.0 0.6 0.0 1.0 1.0
0.0 0.6 0.05 0.0 1.0
0.0 0.6 0.10000000000000002 0.0 1.0
0.0 0.6 0.15000000000000002 0.0 1.0
0.0 0.6 0.2 0.0 1.0
0.0 0.6 0.25000000000000006 0.0 1.0
0.0 0.6 0.30000000000000004 0.0 1.0
0.0 0.6 0.35000000000000003 0.0 1.0
0.0 0.6 0.4 0.0 1.0
0.0 0.6 0.45 0.0 1.0
0.0 0.6 0.5 0.0 1.0
0.0 0.6 0.55 0.0 0.1
0.0 0.6 0.6 0.0 0.1
0.0 0.6 0.65 0.0 0.1
0.0 0.6 0.7 0.0 0.1
0.0 0.6 0.75 0.0 0.1
0.0 0.6 0.8 0.0 0.1
0.0 0.6 0.85 0.0 0.1
0.0 0.6 0.9 0.0 0.1
0.0 0.6 0.95 0.0 0.1
0.0 0.6 1.0 0.0 0.1
0.0 0.6 1.05 0.0 1.0
0.0 0.65 -0.05 1.0 1.0
0.0 0.65 0.0 1.0 1.0
0.0 0.65 0.05 0.0 1.0
0.0 0.65 0.10000000000000002 0.0 1.0
0.0 0.65 0.15000000000000002 0.0 1.0
0.0 0.65 0.2 0.0 1.0
0.0 0.65 0.25000000000000006 0.0 1.0
0.0 0.65 0.30000000000000004 0.0 1.0
0.0 0.65 0.35000000000000003 0.0 1.0
0.0 0.65 0.4 0.0 1.0
0.0 0.65 0.45 0.0 1.0
0.0 0.65 0.5 0.0 1.0
0.0 0.65 0.55 0.0 0.1
0.0 0.65 0.6 0.0 0.1
0.0 0.65 0.65 0.0 0.1
0.0 0.65 0.7 0.0 0.1
0.0 0.65 0.75 0.0 0.1
0.0 0.65 0.8 0.0 0.1
0.0 0.65 0.85 0.0 0.1
0.0 0.65 0.9 0.0 0.1
0.0 0.65 0.95 0.0 0.1
0.0 0.65 1.0 0.0 0.1
0.0 0.65 1.05 0.0 1.0
0.0 0.7 -0.05 1.0 1.0
0.0 0.7 0.0 1.0 1.0
0.0 0.7 0.05 0.0 1.0
0.0 0.7 0.10000000000000002 0.0 1.0
0.0 0.7 0.15000000000000002 0.0 1.0
0.0 0.7 0.2 0.0 1.0
0.0 0.7 0.25000000000000006 0.0 1.0
0.0 0.7 0.30000000000000004 0.0 1.0
0.0 0.7 0.35000000000000003 0.0 1.0
0.0 0.7 0.4 0.0 1.0
0.0 0.7 0.45 0.0 1.0
0.0 0.7 0.5 0.0 1.0
0.0 0.7 0.55 0.0 0.1
0.0 0.7 0.6 0.0 0.1
0.0 0.7 0.65 0.0 0.1
0.0 0.7 0.7 0.0 0.1
0.0 0.7 0.75 0.0 0.1
0.0 0.7 0.8 0.0 0.1
0.0 0.7 0.85 0.0 0.1
0.0 0.7 0.9 0.0 0.1
0.0 0.7 0.95 0.0 0.1
0.0 0.7 1.0 0.0 0.1
0.0 0.7 1.05 0.0 1.0
0.0 0.75 -0.05 1.0 1.0
0.0 0.75 0.0 1.0 1.0
0.0 0.75 0.05 0.0 1.0
0.0 0.75 0.10000000000000002 0.0 1.0
0.0 0.75 0.15000000000000002 0.0 1.0
0.0 0.75 0.2 0.0 1.0
0.0 0.75 0.25000000000000006 0.0 1.0
0.0 0.75 0.30000000000000004 0.0 1.0
0.0 0.75 0.35000000000000003 0.0 1.0
0.0 0.75 0.4 0.0 1.0
0.0 0.75 0.45 0.0 1.0
0.0 0.75 0.5 0.0 1.0
0.0 0.75 0.55 0.0 0.1
0.0 0.75 0.6 0.0 0.1
0.0 0.75 0.65 0.0 0.1
0.0 0.75 0.7 0.0 0.1
0.0 0.75 0.75 0.0 0.1
0.0 0.75 0.8 0.0 0.1
0.0 0.75 0.85 0.0 0.1
0.0 0.75 0.9 0.0 0.1
0.0 0.75 0.95 0.0 0.1
0.0 0.75 1.0 0.0 0.1
0.0 0.75 1.05 0.0 1.0
0.0 0.8 -0.05 1.0 1.0
0.0 0.8 0.0 1.0 1.0
0.0 0.8 0.05 0.0 1.0
0.0 0.8 0.10000000000000002 0.0 1.0
0.0 0.8 0.15000000000000002 0.0 1.0
0.0 0.8 0.2 0.0 1.0
0.0 0.8 0.25000000000000006 0.0 1.0
0.0 0.8 0.30000000000000004 0.0 1.0
0.0 0.8 0.35000000000000003 0.0 1.0
0.0 0.8 0.4 0.0 1.0
0.0 0.8 0.45 0.0 1.0
0.0 0.8 0.5 0.0 1.0
0.0 0.8 0.55 0.0 0.1
0.0 0.8 0.6 0.0 0.1
0.0 0.8 0.65 0.0 0.1
0.0 0.8 0.7 0.0 0.1
0.0 0.8 0.75 0.0 0.1
0.0 0.8 0.8 0.0 0.1
0.0 0.8 0.85 0.0 0.1
0.0 0.8 0.9 0.0 0.1
0.0 0.8 0.95 0.0 0.1
0.0 0.8 1.0 0.0 0.1
0.0 0.8 1.05 0.0 1.0
0.0 0.85 -0.05 1.0 1.0
0.0 0.85 0.0 1.0 1.0
0.0 0.85 0.05 0.0 1.0
0.0 0.85 0.10000000000000002 0.0 1.0
0.0 0.85 0.15000000000000002 0.0 1.0
0.0 0.85 0.2 0.0 1.0
0.0 0.85 0.25000000000000006 0.0 1.0
0.0 0.85 0.30000000000000004 0.0 1.0
0.0 0.85 0.35000000000000003 0.0 1.0
0.0 0.85 0.4 0.0 1.0
0.0 0.85 0.45 0.0 1.0
0.0 0.85 0.5 0.0 1.0
0.0 0.85 0.55 0.0 0.1
0.0 0.85 0.6 0.0 0.1
0.0 0.85 0.65 0.0 0.1
0.0 0.85 0.7 0.0 0.1
0.0 0.85 0.75 0.0 0.1
0.0 0.85 0.8 0.0 0.1
0.0 0.85 0.85 0.0 0.1
0.0 0.85 0.9 0.0 0.1
0.0 0.85 0.95 0.0 0.1
0.0 0.85 1.0 0.0 0.1
0.0 0.85 1.05 0.0 1.0
0.0 0.9 -0.05 1.0 1.0
0.0 0.9 0.0 1.0 1.0
0.0 0.9 0.05 0.0 1.0
0.0 0.9 0.10000000000000002 0.0 1.0
0.0 0.9 0.15000000000000002 0.0 1.0
0.0 0.9 0.2 0.0 1.0
0.0 0.9 0.25000000000000006 0.0 1.0
0.0 0.9 0.30000000000000004 0.0 1.0
0.0 0.9 0.35000000000000003 0.0 1.0
0.0 0.9 0.4 0.0 1.0
0.0 0.9 0.45 0.0 1.0
0.0 0.9 0.5 0.0 1.0
0.0 0.9 0.55 0.0 0.1
0.0 0.9 0.6 0.0 0.1
0.0 0.9 0.65 0.0 0.1
0.0 0.9 0.7 0.0 0.1
0.0 0.9 0.75 0.0 0.1
0.0 0.9 0.8 0.0 0.1
0.0 0.9 0.85 0.0 0.1
0.0 0.9 0.9 0.0 0.1
0.0 0.9 0.95 0.0 0.1
0.0 0.9 1.0 0.0 0.1
0.0 0.9 1.05 0.0 1.0
0.0 0.95 -0.05 1.0 1.0
0.0 0.95 0.0 1.0 1.0
0.0 0.95 0.05 0.0 1.0
0.0 0.95 0.10000000000000002 0.0 1.0
0.0 0.95 0.15000000000000002 0.0 1.0
0.0 0.95 0.2 0.0 1.0
0.0 0.95 0.25000000000000006 0.0 1.0
0.0 0.95 0.30000000000000004 0.0 1.0
0.0 0.95 0.35000000000000003 0.0 1.0
0.0 0.95 0.4 0.0 1.0
0.0 0.95 0.45 0.0 1.0
0.0 0.95 0.5 0.0 1.0
0.0 0.95 0.55 0.0 0.1
0.0 0.95 0.6 0.0 0.1
0.0 0.95 0.65 0.0 0.1
0.0 0.95 0.7 0.0 0.1
0.0 0.95 0.75 0.0 0.1
0.0 0.95 0.8 0.0 0.1
0.0 0.95 0.85 0.0 0.1
0.0 0.95 0.9 0.0 0.1
0.0 0.95 0.95 0.0 0.1
0.0 0.95 1.0 0.0 0.1
0.0 0.95 1.05 0.0 1.0
0.0 1.0 -0.05 1.0 1.0
0.0 1.0 0.0 1.0 1.0
0.0 1.0 0.05 0.0 1.0
0.0 1.0 0.10000000000000002 0.0 1.0
0.0 1.0 0.15000000000000002 0.0 1.0
0.0 1.0 0.2 0.0 1.0
0.0 1.0 0.25000000000000006 0.0 1.0
0.0 1.0 0.30000000000000004 0.0 1.0
0.0 1.0 0.35000000000000003 0.0 1.0
0.0 1.0 0.4 0.0 1.0
0.0 1.0 0.45 0.0 1.0
0.0 1.0 0.5 0.0 1.0
0.0 1.0 0.55 0.0 0.1
0.0 1.0 0.6 0.0 0.1
0.0 1.0 0.65 0.0 0.1
0.0 1.0 0.7 0.0 0.1
0.0 1.0 0.75 0.0 0.1
0.0 1.0 0.8 0.0 0.1
0.0 1.0 0.85 0.0 0.1
0.0 1.0 0.9 0.0 0.1
0.0 1.0 0.95 0.0 0.1
0.0 1.0 1.0 0.0 0.1
0.0 1.0 1.05 0.0 1.0
0.0 1.05 -0.05 1.0 1.0
0.0 1.05 0.0 1.0 1.0
0.0 1.05 0.05 0.0 1.0
0.0 1.05 0.10000000000000002 0.0 1.0
0.0 1.05 0.15000000000000002 0.0 1.0
0.0 1.05 0.2 0.0 1.0
0.0 1.05 0.25000000000000006 0.0 1.0
0.0 1.05 0.30000000000000004 0.0 1.0
0.0 1.05 0.35000000000000003 0.0 1.0
0.0 1.05 0.4 0.0 1.0
0.0 1.05 0.45 0.0 1.0
0.0 1.05 0.5 0.0 1.0
0.0 1.05 0.55 0.0 1.0
0.0 1.05 0.6 0.0 1.0
0.0 1.05 0.65 0.0 1.0
0.0 1.05 0.7 0.0 1.0
0.0 1.05 0.75 0.0 1.0
0.0 1.05 0.8 0.0 1.0
0.0 1.05 0.85 0.0 1.0
0.0 1.05 0.9 0.0 1.0
0.0 1.05 0.95 0.0 1.0
0.0 1.05 1.0 0.0 1.0
0.0 1.05 1.05 0.0 1.0
0.001 -0.05 -0.05 1.0 1.0
0.001 -0.05 0.0 1.0 1.0
0.001 -0.05 0.05 0.27550783773599596 1.0
0.001 -0.05 0.10000000000000002 0.0293941861081835 1.0
0.001 -0.05 0.15000000000000002 0.0010553353980556075 1.0
0.001 -0.05 0.2 1.0003494228459508e-05 1.0
0.001 -0.05 0.25000000000000006 1.0995116277759985e-08 1.0
0.001 -0.05 0.30000000000000004 0.0 1.0
0.001 -0.05 0.35000000000000003 0.0 1.0
0.001 -0.05 0.4 0.0 1.0
0.001 -0.05 0.45 0.0 1.0
0.001 -0.05 0.5 0.0 1.0
0.001 -0.05 0.55 0.0 1.0
0.001 -0.05 0.6 0.0 1.0
0.001 -0.05 0.65 0.0 1.0
0.001 -0.05 0.7 0.0 1.0
0.001 -0.05 0.75 0.0 1.0
0.001 -0.05 0.8 0.0 1.0
0.001 -0.05 0.85 0.0 1.0
0.001 -0.05 0.9 0.0 1.0
0.001 -0.05 0.95 0.0 1.0
0.001 -0.05 1.0 0.0 1.0
0.001 -0.05 1.05 0.0 1.0
0.001 0.0 -0.05 1.0 1.0
0.001 0.0 0.0 1.0 1.0
0.001 0.0 0.05 0.27550783773599596 1.0
0.001 0.0 0.10000000000000002 0.0293941861081835 1.0
0.001 0.0 0.15000000000000002 0.0010553353980556075 1.0
0.001 0.0 0.2 1.0003494228459508e-05 1.0
0.001 0.0 0.25000000000000006 1.0995116277759985e-08 1.0
0.001 0.0 0.30000000000000004 0.0 1.0
0.001 0.0 0.35000000000000003 0.0 1.0
0.001 0.0 0.4 0.0 1.0
0.001 0.0 0.45 0.0 1.0
0.001 0.0 0.5 0.0 1.0
0.001 0.0 0.55 0.0 0.1
0.001 0.0 0.6 0.0 0.1
0.001 0.0 0.65 0.0 0.1
0.001 0.0 0.7 0.0 0.1
0.001 0.0 0.75 0.0 0.1
0.001 0.0 0.8 0.0 0.1
0.001 0.0 0.85 0.0 0.1
0.001 0.0 0.9 0.0 0.1
0.001 0.0 0.95 0.0 0.1
0.001 0.0 1.0 0.0 0.1
0.001 0.0 1.05 0.0 1.0
0.001 0.05 -0.05 1.0 1.0
0.001 0.05 0.0 1.0 1.0
0.001 0.05 0.05 0.27550783773599596 1.0
0.001 0.05 0.10000000000000002 0.0293941861081835 1.0
0.001 0.05 0.15000000000000002 0.0010553353980556075 1.0
0.001 0.05 0.2 1.0003494228459508e-05 1.0
0.001 0.05 0.25000000000000006 1.0995116277759985e-08 1.0
0.001 0.05 0.30000000000000004 0.0 1.0
0.001 0.05 0.35000000000000003 0.0 1.0
0.001 0.05 0.4 0.0 1.0
0.001 0.05 0.45 0.0 1.0
0.001 0.05 0.5 0.0 1.0
0.001 0.05 0.55 0.0 0.1
0.001 0.05 0.6 0.0 0.1
0.001 0.05 0.65 0.0 0.1
0.001 0.05 0.7 0.0 0.1
0.001 0.05 0.75 0.0 0.1
0.001 0.05 0.8 0.0 0.1
0.001 0.05 0.85 0.0 0.1
0.001 0.05 0.9 0.0 0.1
0.001 0.05 0.95 0.0 0.1
0.001 0.05 1.0 0.0 0.1
0.001 0.05 1.05 0.0 1.0
0.001 0.10000000000000002 -0.05 1.0 1.0
0.001 0.10000000000000002 0.0 1.0 1.0
0.001 0.10000000000000002 0.05 0.27550783773599596 1.0
0.001 0.10000000000000002 0.10000000000000002 0.0293941861081835 1.0
0.001 0.10000000000000002 0.15000000000000002 0.0010553353980556075 1.0
0.001 0.10000000000000002 0.2 1.0003494228459508e-05 1.0
0.001 0.10000000000000002 0.25000000000000006 1.0995116277759985e-08 1.0
0.001 0.10000000000000002 0.30000000000000004 0.0 1.0
0.001 0.10000000000000002 0.35000000000000003 0.0 1.0
0.001 0.10000000000000002 0.4 0.0 1.0
0.001 0.10000000000000002 0.45 0.0 1.0
0.001 0.10000000000000002 0.5 0.0 1.0
0.001 0.10000000000000002 0.55 0.0 0.1
0.001 0.10000000000000002 0.6 0.0 0.1
0.001 0.10000000000000002 0.65 0.0 0.1
0.001 0.10000000000000002 0.7 0.0 0.1
0.001 0.10000000000000002 0.75 0.0 0.1
0.001 0.10000000000000002 0.8 0.0 0.1
0.001 0.10000000000000002 0.85 0.0 0.1
0.001 0.10000000000000002 0.9 0.0 0.1
0.001 0.10000000000000002 0.95 0.0 0.1
0.001 0.10000000000000002 1.0 0.0 0.1
0.001 0.10000000000000002 1.05 0.0 1.0
0.001 0.15000000000000002 -0.05 1.0 1.0
0.001 0.15000000000000002 0.0 1.0 1.0
0.001 0.15000000000000002 0.05 0.27550783773599596 1.0
0.001 0.15000000000000002 0.10000000000000002 0.0293941861081835 1.0
0.001 0.15000000000000002 0.15000000000000002 0.0010553353980556075 1.0
0.001 0.15000000000000002 0.2 1.0003494228459508e-05 1.0
0.001 0.15000000000000002 0.25000000000000006 1.0995116277759985e-08 1.0
0.001 0.15000000000000002 0.30000000000000004 0.0 1.0
0.001 0.15000000000000002 0.35000000000000003 0.0 1.0
0.001 0.15000000000000002 0.4 0.0 1.0
0.001 0.15000000000000002 0.45 0.0 1.0
0.001 0.15000000000000002 0.5 0.0 1.0
0.001 0.15000000000000002 0.55 0.0 0.1
0.001 0.15000000000000002 0.6 0.0 0.1
0.001 0.15000000000000002 0.65 0.0 0.1
0.001 0.15000000000000002 0.7 0.0 0.1
0.001 0.15000000000000002 0.75 0.0 0.1
0.001 0.15000000000000002 0.8 0.0 0.1
0.001 0.15000000000000002 0.85 0.0 0.1
0.001 0.15000000000000002 0.9 0.0 0.1
0.001 0.15000000000000002 0.95 0.0 0.1
0.001 0.15000000000000002 1.0 0.0 0.1
0.001 0.15000000000000002 1.05 0.0 1.0
0.001 0.2 -0.05 1.0 1.0
0.001 0.2 0.0 1.0 1.0
0.001 0.2 0.05 0.27550783773599596 1.0
0.001 0.2 0.10000000000000002 0.0293941861081835 1.0
0.001 0.2 0.15000000000000002 0.0010553353980556075 1.0
0.001 0.2 0.2 1.0003494228459508e-05 1.0
0.001 0.2 0.25000000000000006 1.0995116277759985e-08 1.0
0.001 0.2 0.30000000000000004 0.0 1.0
0.001 0.2 0.35000000000000003 0.0 1.0
0.001 0.2 0.4 0.0 1.0
0.001 0.2 0.45 0.0 1.0
0.001 0.2 0.5 0.0 1.0
0.001 0.2 0.55 0.0 0.1
0.001 0.2 0.6 0.0 0.1
0.001 0.2 0.65 0.0 0.1
0.001 0.2 0.7 0.0 0.1
0.001 0.2 0.75 0.0 0.1
0.001 0.2 0.8 0.0 0.1
0.001 0.2 0.85 0.0 0.1
0.001 0.2 0.9 0.0 0.1
0.001 0.2 0.95 0.0 0.1
0.001 0.2 1.0 0.0 0.1
0.001 0.2 1.05 0.0 1.0
0.001 0.25000000000000006 -0.05 1.0 1.0
0.001 0.25000000000000006 0.0 1.0 1.0
0.001 0.25000000000000006 0.05 0.27550783773599596 1.0
0.001 0.25000000000000006 0.10000000000000002 0.0293941861081835 1.0
0.001 0.25000000000000006 0.15000000000000002 0.0010553353980556075 1.0
0.001 0.25000000000000006 0.2 1.0003494228459508e-05 1.0
0.001 0.25000000000000006 0.25000000000000006 1.0995116277759985e-08 1.0
0.001 0.25000000000000006 0.30000000000000004 0.0 1.0
0.001 0.25000000000000006 0.35000000000000003 0.0 1.0
0.001 0.25000000000000006 0.4 0.0 1.0
0.001 0.25000000000000006 0.45 0.0 1.0
0.001 0.25000000000000006 0.5 0.0 1.0
0.001 0.25000000000000006 0.55 0.0 0.1
0.001 0.25000000000000006 0.6 0.0 0.1
0.001 0.25000000000000006 0.65 0.0 0.1
0.001 0.25000000000000006 0.7 0.0 0.1
0.001 0.25000000000000006 0.75 0.0 0.1
0.001 0.25000000000000006 0.8 0.0 0.1
0.001 0.25000000000000006 0.85 0.0 0.1
0.001 0.25000000000000006 0.9 0.0 0.1
0.001 0.25000000000000006 0.95 0.0 0.1
0.001 0.25000000000000006 1.0 0.0 0.1
0.001 0.25000000000000006 1.05 0.0 1.0
0.001 0.30000000000000004 -0.05 1.0 1.0
0.001 0.30000000000000004 0.0 1.0 1.0
0.001 0.30000000000000004 0.05 0.27550783773599596 1.0
0.001 0.30000000000000004 0.10000000000000002 0.0293941861081835 1.0
0.001 0.30000000000000004 0.15000000000000002 0.0010553353980556075 1.0
0.001 0.30000000000000004 0.2 1.0003494228459508e-05 1.0
0.001 0.30000000000000004 0.25000000000000006 1.0995116277759985e-08 1.0
0.001 0.30000000000000004 0.30000000000000004 0.0 1.0
0.001 0.30000000000000004 0.35000000000000003 0.0 1.0
0.001 0.30000000000000004 0.4 0.0 1.0
0.001 0.30000000000000004 0.45 0.0 1.0
0.001 0.30000000000000004 0.5 0.0 1.0
0.001 0.30000000000000004 0.55 0.0 0.1
0.001 0.30000000000000004 0.6 0.0 0.1
0.001 0.30000000000000004 0.65 0.0 0.1
0.001 0.30000000000000004 0.7 0.0 0.1
0.001 0.30000000000000004 0.75 0.0 0.1
0.001 0.30000000000000004 0.8 0.0 0.1
0.001 0.30000000000000004 0.85 0.0 0.1
0.001 0.30000000000000004 0.9 0.0 0.1
0.001 0.30000000000000004 0.95 0.0 0.1
0.001 0.30000000000000004 1.0 0.0 0.1
0.001 0.30000000000000004 1.05 0.0 1.0
0.001 0.35000000000000003 -0.05 1.0 1.0
0.001 0.35000000000000003 0.0 1.0 1.0
0.001 0.35000000000000003 0.05 0.27550783773599596 1.0
0.001 0.35000000000000003 0.10000000000000002 0.0293941861081835 1.0
0.001 0.35000000000000003 0.15000000000000002 0.0010553353980556075 1.0
0.001 0.35000000000000003 0.2 1.0003494228459508e-05 1.0
0.001 0.35000000000000003 0.25000000000000006 1.0995116277759985e-08 1.0
0.001 0.35000000000000003 0.30000000000000004 0.0 1.0
0.001 0.35000000000000003 0.35000000000000003 0.0 1.0
0.001 0.35000000000000003 0.4 0.0 1.0
0.001 0.35000000000000003 0.45 0.0 1.0
0.001 0.35000000000000003 0.5 0.0 1.0
0.001 0.35000000000000003 0.55 0.0 0.1
0.001 0.35000000000000003 0.6 0.0 0.1
0.001 0.35000000000000003 0.65 0.0 0.1
0.001 0.35000000000000003 0.7 0.0 0.1
0.001 0.35000000000000003 0.75 0.0 0.1
0.001 0.35000000000000003 0.8 0.0 0.1
0.001 0.35000000000000003 0.85 0.0 0.1
0.001 0.35000000000000003 0.9 0.0 0.1
0.001 0.35000000000000003 0.95 0.0 0.1
0.001 0.35000000000000003 1.0 0.0 0.1
0.001 0.35000000000000003 1.05 0.0 1.0
0.001 0.4 -0.05 1.0 1.0
0.001 0.4 0.0 1.0 1.0
0.001 0.4 0.05 0.27550783773599596 1.0
0.001 0.4 0.10000000000000002 0.0293941861081835 1.0
0.001 0.4 0.15000000000000002 0.0010553353980556075 1.0
0.001 0.4 0.2 1.0003494228459508e-05 1.0
0.001 0.4 0.25000000000000006 1.0995116277759985e-08 1.0
0.001 0.4 0.30000000000000004 0.0 1.0
0.001 0.4 0.35000000000000003 0.0 1.0
0.001 0.4 0.4 0.0 1.0
0.001 0.4 0.45 0.0 1.0
0.001 0.4 0.5 0.0 1.0
0.001 0.4 0.55 0.0 0.1
0.001 0.4 0.6 0.0 0.1
0.001 0.4 0.65 0.0 0.1
0.001 0.4 0.7 0.0 0.1
0.001 0.4 0.75 0.0 0.1
0.001 0.4 0.8 0.0 0.1
0.001 0.4 0.85 0.0 0.1
0.001 0.4 0.9 0.0 0.1
0.001 0.4 0.95 0.0 0.1
0.001 0.4 1.0 0.0 0.1
0.001 0.4 1.05 0.0 1.0
0.001 0.45 -0.05 1.0 1.0
0.001 0.45 0.0 1.0 1.0
0.001 0.45 0.05 0.27550783773599596 1.0
0.001 0.45 0.10000000000000002 0.0293941861081835 1.0
0.001 0.45 0.15000000000000002 0.0010553353980556075 1.0
0.001 0.45 0.2 1.0003494228459508e-05 1.0
0.001 0.45 0.25000000000000006 1.0995116277759985e-08 1.0
0.001 0.45 0.30000000000000004 0.0 1.0
0.001 0.45 0.35000000000000003 0.0 1.0
0.001 0.45 0.4 0.0 1.0
0.001 0.45 0.45 0.0 1.0
0.001 0.45 0.5 0.0 1.0
0.001 0.45 0.55 0.0 0.1
0.001 0.45 0.6 0.0 0.1
0.001 0.45 0.65 0.0 0.1
0.001 0.45 0.7 0.0 0.1
0.001 0.45 0.75 0.0 0.1
0.001 0.45 0.8 0.0 0.1
0.001 0.45 0.85 0.0 0.1
0.001 0.45 0.9 0.0 0.1
0.001 0.45 0.95 0.0 0.1
0.001 0.45 1.0 0.0 0.1
0.001 0.45 1.05 0.0 1.0
0.001 0.5 -0.05 1.0 1.0
0.001 0.5 0.0 1.0 1.0
0.001 0.5 0.05 0.27550783773599596 1.0
0.001 0.5 0.10000000000000002 0.0293941861081835 1.0
0.001 0.5 0.15000000000000002 0.0010553353980556075 1.0
0.001 0.5 0.2 1.0003494228459508e-05 1.0
0.001 0.5 0.25000000000000006 1.0995116277759985e-08 1.0
0.001 0.5 0.30000000000000004 0.0 1.0
0.001 0.5 0.35000000000000003 0.0 1.0
0.001 0.5 0.4 0.0 1.0
0.001 0.5 0.45 0.0 1.0
0.001 0.5 0.5 0.0 1.0
0.001 0.5 0.55 0.0 0.1
0.001 0.5 0.6 0.0 0.1
0.001 0.5 0.65 0.0 0.1
0.001 0.5 0.7 0.0 0.1
0.001 0.5 0.75 0.0 0.1
0.001 0.5 0.8 0.0 0.1
0.001 0.5 0.85 0.0 0.1
0.001 0.5 0.9 0.0 0.1
0.001 0.5 0.95 0.0 0.1
0.001 0.5 1.0 0.0 0.1
0.001 0.5 1.05 0.0 1.0
0.001 0.55 -0.05 1.0 1.0
0.001 0.55 0.0 1.0 1.0
0.001 0.55 0.05 0.27550783773599596 1.0
0.001 0.55 0.10000000000000002 0.0293941861081835 1.0
0.001 0.55 0.15000000000000002 0.0010553353980556075 1.0
0.001 0.55 0.2 1.0003494228459508e-05 1.0
0.001 0.55 0.25000000000000006 1.0995116277759985e-08 1.0
0.001 0.55 0.30000000000000004 0.0 1.0
0.001 0.55 0.35000000000000003 0.0 1.0
0.001 0.55 0.4 0.0 1.0
0.001 0.55 0.45 0.0 1.0
0.001 0.55 0.5 0.0 1.0
0.001 0.55 0.55 0.0 0.1
0.001 0.55 0.6 0.0 0.1
0.001 0.55 0.65 0.0 0.1
0.001 0.55 0.7 0.0 0.1
0.001 0.55 0.75 0.0 0.1
0.001 0.55 0.8 0.0 0.1
0.001 0.55 0.85 0.0 0.1
0.001 0.55 0.9 0.0 0.1
0.001 0.55 0.95 0.0 0.1
0.001 0.55 1.0 0.0 0.1
0.001 0.55 1.05 0.0 1.0
0.001 0.6 -0.05 1.0 1.0
0.001 0.6 0.0 1.0 1.0
0.001 0.6 0.05 0.27550783773599596 1.0
0.001 0.6 0.10000000000000002 0.0293941861081835 1.0
0.001 0.6 0.15000000000000002 0.0010553353980556075 1.0
0.001 0.6 0.2 1.0003494228459508e-05 1.0
0.001 0.6 0.25000000000000006 1.0995116277759985e-08 1.0
0.001 0.6 0.30000000000000004 0.0 1.0
0.001 0.6 0.35000000000000003 0.0 1.0
0.001 0.6 0.4 0.0 1.0
0.001 0.6 0.45 0.0 1.0
0.001 0.6 0.5 0.0 1.0
0.001 0.6 0.55 0.0 0.1
0.001 0.6 0.6 0.0 0.1
0.001 0.6 0.65 0.0 0.1
0.001 0.6 0.7 0.0 0.1
0.001 0.6 0.75 0.0 0.1
0.001 0.6 0.8 0.0 0.1
0.001 0.6 0.85 0.0 0.1
0.001 0.6 0.9 0.0 0.1
0.001 0.6 0.95 0.0 0.1
0.001 0.6 1.0 0.0 0.1
0.001 0.6 1.05 0.0 1.0
0.001 0.65 -0.05 1.0 1.0
0.001 0.65 0.0 1.0 1.0
0.001 0.65 0.05 0.27550783773599596 1.0
0.001 0.65 0.10000000000000002 0.0293941861081835 1.0
0.001 0.65 0.15000000000000002 0.0010553353980556075 1.0
0.001 0.65 0.2 1.0003494228459508e-05 1.0
0.001 0.65 0.25000000000000006 1.0995116277759985e-08 1.0
0.001 0.65 0.30000000000000004 0.0 1.0
0.001 0.65 0.35000000000000003 0.0 1.0
0.001 0.65 0.4 0.0 1.0
0.001 0.65 0.45 0.0 1.0
0.001 0.65 0.5 0.0 1.0
0.001 0.65 0.55 0.0 0.1
0.001 0.65 0.6 0.0 0.1
0.001 0.65 0.65 0.0 0.1
0.001 0.65 0.7 0.0 0.1
0.001 0.65 0.75 0.0 0.1
0.001 0.65 0.8 0.0 0.1
0.001 0.65 0.85 0.0 0.1
0.001 0.65 0.9 0.0 0.1
0.001 0.65 0.95 0.0 0.1
0.001 0.65 1.0 0.0 0.1
0.001 0.65 1.05 0.0 1.0
0.001 0.7 -0.05 1.0 1.0
0.001 0.7 0.0 1.0 1.0
0.001 0.7 0.05 0.27550783773599596 1.0
0.001 0.7 0.10000000000000002 0.0293941861081835 1.0
0.001 0.7 0.15000000000000002 0.0010553353980556075 1.0
0.001 0.7 0.2 1.0003494228459508e-05 1.0
0.001 0.7 0.25000000000000006 1.0995116277759985e-08 1.0
0.001 0.7 0.30000000000000004 0.0 1.0
0.001 0.7 0.35000000000000003 0.0 1.0
0.001 0.7 0.4 0.0 1.0
0.001 0.7 0.45 0.0 1.0
0.001 0.7 0.5 0.0 1.0
0.001 0.7 0.55 0.0 0.1
0.001 0.7 0.6 0.0 0.1
0.001 0.7 0.65 0.0 0.1
0.001 0.7 0.7 0.0 0.1
0.001 0.7 0.75 0.0 0.1
0.001 0.7 0.8 0.0 0.1
0.001 0.7 0.85 0.0 0.1
0.001 0.7 0.9 0.0 0.1
0.001 0.7 0.95 0.0 0.1
0.001 0.7 1.0 0.0 0.1
0.001 0.7 1.05 0.0 1.0
0.001 0.75 -0.05 1.0 1.0
0.001 0.75 0.0 1.0 1.0
0.001 0.75 0.05 0.27550783773599596 1.0
0.001 0.75 0.10000000000000002 0.0293941861081835 1.0
0.001 0.75 0.15000000000000002 0.0010553353980556075 1.0
0.001 0.75 0.2 1.0003494228459508e-05 1.0
0.001 0.75 0.25000000000000006 1.0995116277759985e-08 1.0
0.001 0.75 0.30000000000000004 0.0 1.0
0.001 0.75 0.35000000000000003 0.0 1.0
0.001 0.75 0.4 0.0 1.0
0.001 0.75 0.45 0.0 1.0
0.001 0.75 0.5 0.0 1.0
0.001 0.75 0.55 0.0 0.1
0.001 0.75 0.6 0.0 0.1
0.001 0.75 0.65 0.0 0.1
0.001 0.75 0.7 0.0 0.1
0.001 0.75 0.75 0.0 0.1
0.001 0.75 0.8 0.0 0.1
0.001 0.75 0.85 0.0 0.1
0.001 0.75 0.9 0.0 0.1
0.001 0.75 0.95 0.0 0.1
0.001 0.75 1.0 0.0 0.1
0.001 0.75 1.05 0.0 1.0
0.001 0.8 -0.05 1.0 1.0
0.001 0.8 0.0 1.0 1.0
0.001 0.8 0.05 0.27550783773599596 1.0
0.001 0.8 0.10000000000000002 0.0293941861081835 1.0
0.001 0.8 0.15000000000000002 0.0010553353980556075 1.0
0.001 0.8 0.2 1.0003494228459508e-05 1.0
0.001 0.8 0.25000000000000006 1.0995116277759985e-08 1.0
0.001 0.8 0.30000000000000004 0.0 1.0
0.001 0.8 0.35000000000000003 0.0 1.0
0.001 0.8 0.4 0.0 1.0
0.001 0.8 0.45 0.0 1.0
0.001 0.8 0.5 0.0 1.0
0.001 0.8 0.55 0.0 0.1
0.001 0.8 0.6 0.0 0.1
0.001 0.8 0.65 0.0 0.1
0.001 0.8 0.7 0.0 0.1
0.001 0.8 0.75 0.0 0.1
0.001 0.8 0.8 0.0 0.1
0.001 0.8 0.85 0.0 0.1
0.001 0.8 0.9 0.0 0.1
0.001 0.8 0.95 0.0 0.1
0.001 0.8 1.0 0.0 0.1
0.001 0.8 1.05 0.0 1.0
0.001 0.85 -0.05 1.0 1.0
0.001 0.85 0.0 1.0 1.0
0.001 0.85 0.05 0.27550783773599596 1.0
0.001 0.85 0.10000000000000002 0.0293941861081835 1.0
0.001 0.85 0.15000000000000002 0.0010553353980556075 1.0
0.001 0.85 0.2 1.0003494228459508e-05 1.0
0.001 0.85 0.25000000000000006 1.0995116277759985e-08 1.0
0.001 0.85 0.30000000000000004 0.0 1.0
0.001 0.85 0.35000000000000003 0.0 1.0
0.001 0.85 0.4 0.0 1.0
0.001 0.85 0.45 0.0 1.0
0.001 0.85 0.5 0.0 1.0
0.001 0.85 0.55 0.0 0.1
0.001 0.85 0.6 0.0 0.1
0.001 0.85 0.65 0.0 0.1
0.001 0.85 0.7 0.0 0.1
0.001 0.85 0.75 0.0 0.1
0.001 0.85 0.8 0.0 0.1
0.001 0.85 0.85 0.0 0.1
0.001 0.85 0.9 0.0 0.1
0.001 0.85 0.95 0.0 0.1
0.001 0.85 1.0 0.0 0.1
0.001 0.85 1.05 0.0 1.0
0.001 0.9 -0.05 1.0 1.0
0.001 0.9 0.0 1.0 1.0
0.001 0.9 0.05 0.27550783773599596 1.0
0.001 0.9 0.10000000000000002 0.0293941861081835 1.0
0.001 0.9 0.15000000000000002 0.0010553353980556075 1.0
0.001 0.9 0.2 1.0003494228459508e-05 1.0
0.001 0.9 0.25000000000000006 1.0995116277759985e-08 1.0
0.001 0.9 0.30000000000000004 0.0 1.0
0.001 0.9 0.35000000000000003 0.0 1.0
0.001 0.9 0.4 0.0 1.0
0.001 0.9 0.45 0.0 1.0
0.001 0.9 0.5 0.0 1.0
0.001 0.9 0.55 0.0 0.1
0.001 0.9 0.6 0.0 0.1
0.001 0.9 0.65 0.0 0.1
0.001 0.9 0.7 0.0 0.1
0.001 0.9 0.75 0.0 0.1
0.001 0.9 0.8 0.0 0.1
0.001 0.9 0.85 0.0 0.1
0.001 0.9 0.9 0.0 0.1
0.001 0.9 0.95 0.0 0.1
0.001 0.9 1.0 0.0 0.1
0.001 0.9 1.05 0.0 1.0
0.001 0.95 -0.05 1.0 1.0
0.001 0.95 0.0 1.0 1.0
0.001 0.95 0.05 0.27550783773599596 1.0
0.001 0.95 0.10000000000000002 0.0293941861081835 1.0
0.001 0.95 0.15000000000000002 0.0010553353980556075 1.0
0.001 0.95 0.2 1.0003494228459508e-05 1.0
0.001 0.95 0.25000000000000006 1.0995116277759985e-08 1.0
0.001 0.95 0.30000000000000004 0.0 1.0
0.001 0.95 0.35000000000000003 0.0 1.0
0.001 0.95 0.4 0.0 1.0
0.001 0.95 0.45 0.0 1.0
0.001 0.95 0.5 0.0 1.0
0.001 0.95 0.55 0.0 0.1
0.001 0.95 0.6 0.0 0.1
0.001 0.95 0.65 0.0 0.1
0.001 0.95 0.7 0.0 0.1
0.001 0.95 0.75 0.0 0.1
0.001 0.95 0.8 0.0 0.1
0.001 0.95 0.85 0.0 0.1
0.001 0.95 0.9 0.0 0.1
0.001 0.95 0.95 0.0 0.1
0.001 0.95 1.0 0.0 0.1
0.001 0.95 1.05 0.0 1.0
0.001 1.0 -0.05 1.0 1.0
0.001 1.0 0.0 1.0 1.0
0.001 1.0 0.05 0.27550783773599596 1.0
0.001 1.0 0.10000000000000002 0.0293941861081835 1.0
0.001 1.0 0.15000000000000002 0.0010553353980556075 1.0
0.001 1.0 0.2 1.0003494228459508e-05 1.0
0.001 1.0 0.25000000000000006 1.0995116277759985e-08 1.0
0.001 1.0 0.30000000000000004 0.0 1.0
0.001 1.0 0.35000000000000003 0.0 1.0
0.001 1.0 0.4 0.0 1.0
0.001 1.0 0.45 0.0 1.0
0.001 1.0 0.5 0.0 1.0
0.001 1.0 0.55 0.0 0.1
0.001 1.0 0.6 0.0 0.1
0.001 1.0 0.65 0.0 0.1
0.001 1.0 0.7 0.0 0.1
0.001 1.0 0.75 0.0 0.1
0.001 1.0 0.8 0.0 0.1
0.001 1.0 0.85 0.0 0.1
0.001 1.0 0.9 0.0 0.1
0.001 1.0 0.95 0.0 0.1
0.001 1.0 1.0 0.0 0.1
0.001 1.0 1.05 0.0 1.0
0.001 1.05 -0.05 1.0 1.0
0.001 1.05 0.0 1.0 1.0
0.001 1.05 0.05 0.27550783773599596 1.0
0.001 1.05 0.10000000000000002 0.0293941861081835 1.0
0.001 1.05 0.15000000000000002 0.0010553353980556075 1.0
0.001 1.05 0.2 1.0003494228459508e-05 1.0
0.001 1.05 0.25000000000000006 1.0995116277759985e-08 1.0
0.001 1.05 0.30000000000000004 0.0 1.0
0.001 1.05 0.35000000000000003 0.0 1.0
0.001 1.05 0.4 0.0 1.0
0.001 1.05 0.45 0.0 1.0
0.001 1.05 0.5 0.0 1.0
0.001 1.05 0.55 0.0 1.0
0.001 1.05 0.6 0.0 1.0
0.001 1.05 0.65 0.0 1.0
0.001 1.05 0.7 0.0 1.0
0.001 1.05 0.75 0.0 1.0
0.001 1.05 0.8 0.0 1.0
0.001 1.05 0.85 0.0 1.0
0.001 1.05 0.9 0.0 1.0
0.001 1.05 0.95 0.0 1.0
0.001 1.05 1.0 0.0 1.0
0.001 1.05 1.05 0.0 1.0
0.05 -0.05 -0.05 1.0 1.0
0.05 -0.05 0.0 1.0 1.0
0.05 -0.05 0.05 0.8748214117758206 1.0
0.05 -0.05 0.10000000000000002 0.7528392968949718 1.0
0.05 -0.05 0.15000000000000002 0.6370395491892135 1.0
0.05 -0.05 0.2 0.5300136365996607 1.0
0.05 -0.05 0.25000000000000006 0.4338226082601454 1.0
0.05 -0.05 0.30000000000000004 0.3499192476029465 1.0
0.05 -0.05 0.35000000000000003 0.27912258651357796 1.0
0.05 -0.05 0.4 0.22161909769406107 1.0
0.05 -0.05 0.45 0.17703359303058433 1.0
0.05 -0.05 0.5 0.14688079995177034 1.0
0.05 -0.05 0.55 0.08838574114313717 1.0
0.05 -0.05 0.6 0.03430846410028609 1.0
0.05 -0.05 0.65 0.010425663284711503 1.0
0.05 -0.05 0.7 0.0027463474703805007 1.0
0.05 -0.05 0.75 0.000631152632093735 1.0
0.05 -0.05 0.8 0.00012825880846332425 1.0
0.05 -0.05 0.85 2.3369879030726886e-05 1.0
0.05 -0.05 0.9 3.866889388216944e-06 1.0
0.05 -0.05 0.95 5.774709797252443e-07 1.0
0.05 -0.05 1.0 0.0 1.0
0.05 -0.05 1.05 0.0 1.0
0.05 0.0 -0.05 1.0 1.0
0.05 0.0 0.0 1.0 1.0
0.05 0.0 0.05 0.8748214117758206 1.0
0.05 0.0 0.10000000000000002 0.7528392968949718 1.0
0.05 0.0 0.15000000000000002 0.6370395491892135 1.0
0.05 0.0 0.2 0.5300136365996607 1.0
0.05 0.0 0.25000000000000006 0.4338226082601454 1.0
0.05 0.0 0.30000000000000004 0.3499192476029465 1.0
0.05 0.0 0.35000000000000003 0.27912258651357796 1.0
0.05 0.0 0.4 0.22161909769406107 1.0
0.05 0.0 0.45 0.17703359303058433 1.0
0.05 0.0 0.5 0.14688079995177034 1.0
0.05 0.0 0.55 0.08838574114313717 0.1
0.05 0.0 0.6 0.03430846410028609 0.1
0.05 0.0 0.65 0.010425663284711503 0.1
0.05 0.0 0.7 0.0027463474703805007 0.1
0.05 0.0 0.75 0.000631152632093735 0.1
0.05 0.0 0.8 0.00012825880846332425 0.1
0.05 0.0 0.85 2.3369879030726886e-05 0.1
0.05 0.0 0.9 3.866889388216944e-06 0.1
0.05 0.0 0.95 5.774709797252443e-07 0.1
0.05 0.0 1.0 0.0 0.1
0.05 0.0 1.05 0.0 1.0
0.05 0.05 -0.05 1.0 1.0
0.05 0.05 0.0 1.0 1.0
0.05 0.05 0.05 0.8748232715548901 1.0
0.05 0.05 0.10000000000000002 0.7528439700065953 1.0
0.05 0.05 0.15000000000000002 0.6370494606300999 1.0
0.05 0.05 0.2 0.5300340813817563 1.0
0.05 0.05 0.25000000000000006 0.4338651253329215 1.0
0.05 0.05 0.30000000000000004 0.35001001700060236 1.0
0.05 0.05 0.35000000000000003 0.2793242722868156 1.0
0.05 0.05 0.4 0.22208450046615977 1.0
0.05 0.05 0.45 0.17805812463038878 1.0
0.05 0.05 0.5 0.14812665696999824 1.0
0.05 0.05 0.55 0.08827773538416564 0.1
0.05 0.05 0.6 0.03348335374122798 0.1
0.05 0.05 0.65 0.009703597199706015 0.1
0.05 0.05 0.7 0.002430024944352892 0.1
0.05 0.05 0.75 0.0005329492980182685 0.1
0.05 0.05 0.8 0.00010405450296472526 0.1
0.05 0.05 0.85 1.8366608217411575e-05 0.1
0.05 0.05 0.9 2.969402272696066e-06 0.1
0.05 0.05 0.95 4.36810902930256e-07 0.1
0.05 0.05 1.0 0.0 0.1
0.05 0.05 1.05 0.0 1.0
0.05 0.10000000000000002 -0.05 1.0 1.0
0.05 0.10000000000000002 0.0 1.0 1.0
0.05 0.10000000000000002 0.05 0.874827171608779 1.0
0.05 0.10000000000000002 0.10000000000000002 0.7528536847835591 1.0
0.05 0.10000000000000002 0.15000000000000002 0.6370697708400452 1.0
0.05 0.10000000000000002 0.2 0.5300751069653933 1.0
0.05 0.10000000000000002 0.25000000000000006 0.4339479425115807 1.0
0.05 0.10000000000000002 0.30000000000000004 0.35017965358236747 1.0
0.05 0.10000000000000002 0.35000000000000003 0.27968199454224557 1.0
0.05 0.10000000000000002 0.4 0.22287772571674377 1.0
0.05 0.10000000000000002 0.45 0.17993427530813452 1.0
0.05 0.10000000000000002 0.5 0.1512619542721131 1.0
0.05 0.10000000000000002 0.55 0.08820225225323206 0.1
0.05 0.10000000000000002 0.6 0.031598627786717653 0.1
0.05 0.10000000000000002 0.65 0.008139366016983219 0.1
0.05 0.10000000000000002 0.7 0.0017789940272860787 0.1
0.05 0.10000000000000002 0.75 0.0003347615372403042 0.1
0.05 0.10000000000000002 0.8 5.529262167554289e-05 0.1
0.05 0.10000000000000002 0.85 8.199849627948734e-06 0.1
0.05 0.10000000000000002 0.9 1.1175414482642212e-06 0.1
0.05 0.10000000000000002 0.95 1.4096796822523984e-07 0.1
0.05 0.10000000000000002 1.0 0.0 0.1
0.05 0.10000000000000002 1.05 0.0 1.0
0.05 0.15000000000000002 -0.05 1.0 1.0
0.05 0.15000000000000002 0.0 1.0 1.0
0.05 0.15000000000000002 0.05 0.874832247305487 1.0
0.05 0.15000000000000002 0.10000000000000002 0.7528661467240145 1.0
0.05 0.15000000000000002 0.15000000000000002 0.6370952132487971 1.0
0.05 0.15000000000000002 0.2 0.5301247605477449 1.0
0.05 0.15000000000000002 0.25000000000000006 0.434043364152214 1.0
0.05 0.15000000000000002 0.30000000000000004 0.350361426600268 1.0
0.05 0.15000000000000002 0.35000000000000003 0.28002389662572524 1.0
0.05 0.15000000000000002 0.4 0.2234978128995333 1.0
0.05 0.15000000000000002 0.45 0.18092427138961964 1.0
0.05 0.15000000000000002 0.5 0.1522469414690099 1.0
0.05 0.15000000000000002 0.55 0.08829988385524007 0.1
0.05 0.15000000000000002 0.6 0.03117774021638121 0.1
0.05 0.15000000000000002 0.65 0.007746109048295575 0.1
0.05 0.15000000000000002 0.7 0.0015954936284852156 0.1
0.05 0.15000000000000002 0.75 0.00027566812311390825 0.1
0.05 0.15000000000000002 0.8 4.053544137347791e-05 0.1
0.05 0.15000000000000002 0.85 5.165045474347735e-06 0.1
0.05 0.15000000000000002 0.9 5.834432753292817e-07 0.1
0.05 0.15000000000000002 0.95 5.9584612696782355e-08 0.1
0.05 0.15000000000000002 1.0 0.0 0.1
0.05 0.15000000000000002 1.05 0.0 1.0
0.05 0.2 -0.05 1.0 1.0
0.05 0.2 0.0 1.0 1.0
0.05 0.2 0.05 0.874837559662776 1.0
0.05 0.2 0.10000000000000002 0.7528789524534407 1.0
0.05 0.2 0.15000000000000002 0.6371205897561866 1.0
0.05 0.2 0.2 0.5301722348425701 1.0
0.05 0.2 0.25000000000000006 0.43412941653660486 1.0
0.05 0.2 0.30000000000000004 0.35051247295647864 1.0
0.05 0.2 0.35000000000000003 0.2802766418292719 1.0
0.05 0.2 0.4 0.22388552112321053 1.0
0.05 0.2 0.45 0.18142309524862374 1.0
0.05 0.2 0.5 0.15269286729134807 1.0
0.05 0.2 0.55 0.0884218404696086 0.1
0.05 0.2 0.6 0.031106960995864377 0.1
0.05 0.2 0.65 0.007662663867282637 0.1
0.05 0.2 0.7 0.001553336892567839 0.1
0.05 0.2 0.75 0.0002614406442264629 0.1
0.05 0.2 0.8 3.690587475621792e-05 0.1
0.05 0.2 0.85 4.4188497994656655e-06 0.1
0.05 0.2 0.9 4.545298813226338e-07 0.1
0.05 0.2 0.95 4.0564391891145444e-08 0.1
0.05 0.2 1.0 0.0 0.1
0.05 0.2 1.05 0.0 1.0
0.05 0.25000000000000006 -0.05 1.0 1.0
0.05 0.25000000000000006 0.0 1.0 1.0
0.05 0.25000000000000006 0.05 0.874842379496822 1.0
0.05 0.25000000000000006 0.10000000000000002 0.7528903371678943 1.0
0.05 0.25000000000000006 0.15000000000000002 0.6371424295794857 1.0
0.05 0.25000000000000006 0.2 0.5302113064840471 1.0
0.05 0.25000000000000006 0.25000000000000006 0.4341961852036777 1.0
0.05 0.25000000000000006 0.30000000000000004 0.3506210135189653 1.0
0.05 0.25000000000000006 0.35000000000000003 0.2804412483260015 1.0
0.05 0.25000000000000006 0.4 0.2241096198024418 1.0
0.05 0.25000000000000006 0.45 0.18167869987201601 1.0
0.05 0.25000000000000006 0.5 0.15290999366645422 1.0
0.05 0.25000000000000006 0.55 0.08849978664661266 0.1
0.05 0.25000000000000006 0.6 0.031107334298698233 0.1
0.05 0.25000000000000006 0.65 0.007648805051689383 0.1
0.05 0.25000000000000006 0.7 0.0015453473387679183 0.1
0.05 0.25000000000000006 0.75 0.00025861931842154957 0.1
0.05 0.25000000000000006 0.8 3.617147123252223e-05 0.1
0.05 0.25000000000000006 0.85 4.267274656227784e-06 0.1
0.05 0.25000000000000006 0.9 4.2860697451679736e-07 0.1
0.05 0.25000000000000006 0.95 3.682224937365365e-08 0.1
0.05 0.25000000000000006 1.0 0.0 0.1
0.05 0.25000000000000006 1.05 0.0 1.0
0.05 0.30000000000000004 -0.05 1.0 1.0
0.05 0.30000000000000004 0.0 1.0 1.0
0.05 0.30000000000000004 0.05 0.8748463083201892 1.0
0.05 0.30000000000000004 0.10000000000000002 0.7528994276410175 1.0
0.05 0.30000000000000004 0.15000000000000002 0.6371593117161454 1.0
0.05 0.30000000000000004 0.2 0.5302402284663827 1.0
0.05 0.30000000000000004 0.25000000000000006 0.43424298840498177 1.0
0.05 0.30000000000000004 0.30000000000000004 0.35069220863871653 1.0
0.05 0.30000000000000004 0.35000000000000003 0.2805411311494608 1.0
0.05 0.30000000000000004 0.4 0.2242346266475177 1.0
0.05 0.30000000000000004 0.45 0.1818110178949064 1.0
0.05 0.30000000000000004 0.5 0.1530184766224822 1.0
0.05 0.30000000000000004 0.55 0.08854189120968155 0.1
0.05 0.30000000000000004 0.6 0.03111516865862285 0.1
0.05 0.30000000000000004 0.65 0.007647711069993379 0.1
0.05 0.30000000000000004 0.7 0.00154415938486668 0.1
0.05 0.30000000000000004 0.75 0.00025815747641911766 0.1
0.05 0.30000000000000004 0.8 3.604782617627337e-05 0.1
0.05 0.30000000000000004 0.85 4.241597098676085e-06 0.1
0.05 0.30000000000000004 0.9 4.2424399699015646e-07 0.1
0.05 0.30000000000000004 0.95 3.6202522283569614e-08 0.1
0.05 0.30000000000000004 1.0 0.0 0.1
0.05 0.30000000000000004 1.05 0.0 1.0
0.05 0.35000000000000003 -0.05 1.0 1.0
0.05 0.35000000000000003 0.0 1.0 1.0
0.05 0.35000000000000003 0.05 0.8748492484141567 1.0
0.05 0.35000000000000003 0.10000000000000002 0.7529060969613255 1.0
0.05 0.35000000000000003 0.15000000000000002 0.637171323431229 1.0
0.05 0.35000000000000003 0.2 0.5302600024882286 1.0
0.05 0.35000000000000003 0.25000000000000006 0.43427348374900976 1.0
0.05 0.35000000000000003 0.30000000000000004 0.35073608866959605 1.0
0.05 0.35000000000000003 0.35000000000000003 0.2805990531012944 1.0
0.05 0.35000000000000003 0.4 0.22430281850041958 1.0
0.05 0.35000000000000003 0.45 0.18187957049337924 1.0
0.05 0.35000000000000003 0.5 0.15307303620955579 1.0
0.05 0.35000000000000003 0.55 0.08856306672532006 0.1
0.05 0.35000000000000003 0.6 0.03112030187319685 0.1
0.05 0.35000000000000003 0.65 0.007648169014248929 0.1
0.05 0.35000000000000003 0.7 0.0015440645969531023 0.1
0.05 0.35000000000000003 0.75 0.0002580984584402124 0.1
0.05 0.35000000000000003 0.8 3.603059524546702e-05 0.1
0.05 0.35000000000000003 0.85 4.237944978810182e-06 0.1
0.05 0.35000000000000003 0.9 4.2362452969002554e-07 0.1
0.05 0.35000000000000003 0.95 3.611564395534944e-08 0.1
0.05 0.35000000000000003 1.0 0.0 0.1
0.05 0.35000000000000003 1.05 0.0 1.0
0.05 0.4 -0.05 1.0 1.0
0.05 0.4 0.0 1.0 1.0
0.05 0.4 0.05 0.8748512983071373 1.0
0.05 0.4 0.10000000000000002 0.7529106626382107 1.0
0.05 0.4 0.15000000000000002 0.6371793194934164 1.0
0.05 0.4 0.2 0.5302727057914796 1.0
0.05 0.4 0.25000000000000006 0.43429227678889304 1.0
0.05 0.4 0.30000000000000004 0.3507619135950418 1.0
0.05 0.4 0.35000000000000003 0.28063154100011023 1.0
0.05 0.4 0.4 0.2243393395565387 1.0
0.05 0.4 0.45 0.18191489039878508 1.0
0.05 0.4 0.5 0.15310040717212786 1.0
0.05 0.4 0.55 0.08857334932270668 0.1
0.05 0.4 0.6 0.03112290846325599 0.1
0.05 0.4 0.65 0.007648517556959189 0.1
0.05 0.4 0.7 0.0015440884524468112 0.1
0.05 0.4 0.75 0.000258094711649559 0.1
0.05 0.4 0.8 3.602875686349509e-05 0.1
0.05 0.4 0.85 4.237515423482489e-06 0.1
0.05 0.4 0.9 4.23550181758299e-07 0.1
0.05 0.4 0.95 3.610526965795468e-08 0.1
0.05 0.4 1.0 0.0 0.1
0.05 0.4 1.05 0.0 1.0
0.05 0.45 -0.05 1.0 1.0
0.05 0.45 0.0 1.0 1.0
0.05 0.45 0.05 0.8748526442334551 1.0
0.05 0.45 0.10000000000000002 0.7529136114088938 1.0
0.05 0.45 0.15000000000000002 0.637184356477561 1.0
0.05 0.45 0.2 0.5302804622451044 1.0
0.05 0.45 0.25000000000000006 0.43430335076534604 1.0
0.05 0.45 0.30000000000000004 0.3507765615717998 1.0
0.05 0.45 0.35000000000000003 0.2806492704210854 1.0
0.05 0.45 0.4 0.2243585604402408 1.0
0.05 0.45 0.45 0.18193291403356746 1.0
0.05 0.45 0.5 0.1531140351528531 1.0
0.05 0.45 0.55 0.08857824186547768 0.1
0.05 0.45 0.6 0.031124124761688285 0.1
0.05 0.45 0.65 0.0076486868244416435 0.1
0.05 0.45 0.7 0.0015441065719759093 0.1
0.05 0.45 0.75 0.00025809584905401006 0.1
0.05 0.45 0.8 3.602868781326159e-05 0.1
0.05 0.45 0.85 4.237478617038309e-06 0.1
0.05 0.45 0.9 4.2354287674035274e-07 0.1
0.05 0.45 0.95 3.6104219784388704e-08 0.1
0.05 0.45 1.0 0.0 0.1
0.05 0.45 1.05 0.0 1.0
0.05 0.5 -0.05 1.0 1.0
0.05 0.5 0.0 1.0 1.0
0.05 0.5 0.05 0.8748534831443613 1.0
0.05 0.5 0.10000000000000002 0.7529154227542715 1.0
0.05 0.5 0.15000000000000002 0.6371873833473286 1.0
0.05 0.5 0.2 0.5302849987113188 1.0
0.05 0.5 0.25000000000000006 0.4343096341467039 1.0
0.05 0.5 0.30000000000000004 0.3507846125939634 1.0
0.05 0.5 0.35000000000000003 0.2806587126023858 1.0
0.05 0.5 0.4 0.22436850085558774 1.0
0.05 0.5 0.45 0.18194199908072528 1.0
0.05 0.5 0.5 0.15312074812160972 1.0
0.05 0.5 0.55 0.08858053453944938 0.1
0.05 0.5 0.6 0.031124672352130713 0.1
0.05 0.5 0.65 0.007648760242612604 0.1
0.05 0.5 0.7 0.001544114739593294 0.1
0.05 0.5 0.75 0.0002580965739385926 0.1
0.05 0.5 0.8 3.602873175864462e-05 0.1
0.05 0.5 0.85 4.237478708936987e-06 0.1
0.05 0.5 0.9 4.2354241484168077e-07 0.1
0.05 0.5 0.95 3.610413546347791e-08 0.1
0.05 0.5 1.0 0.0 0.1
0.05 0.5 1.05 0.0 1.0
0.05 0.55 -0.05 1.0 1.0
0.05 0.55 0.0 1.0 1.0
0.05 0.55 0.05 0.8748539825712911 1.0
0.05 0.55 0.10000000000000002 0.7529164874062071 1.0
0.05 0.55 0.15000000000000002 0.6371891286821448 1.0
0.05 0.55 0.2 0.5302875539012203 1.0
0.05 0.55 0.25000000000000006 0.43431308288180176 1.0
0.05 0.55 0.30000000000000004 0.350788914867368 1.0
0.05 0.55 0.35000000000000003 0.28066362779593834 1.0
0.05 0.55 0.4 0.22437355077767676 1.0
0.05 0.55 0.45 0.1819465141192191 1.0
0.05 0.55 0.5 0.15312401240425313 1.0
0.05 0.55 0.55 0.08858159367830508 0.1
0.05 0.55 0.6 0.031124914015380693 0.1
0.05 0.55 0.65 0.0076487908018660735 0.1
0.05 0.55 0.7 0.0015441180161223271 0.1
0.05 0.55 0.75 0.00025809687067658354 0.1
0.05 0.55 0.8 3.6028753961883406e-05 0.1
0.05 0.55 0.85 4.237479977895647e-06 0.1
0.05 0.55 0.9 4.2354245174107637e-07 0.1
0.05 0.55 0.95 3.61041325375606e-08 0.1
0.05 0.55 1.0 0.0 0.1
0.05 0.55 1.05 0.0 1.0
0.05 0.6 -0.05 1.0 1.0
0.05 0.6 0.0 1.0 1.0
0.05 0.6 0.05 0.8748542678946062 1.0
0.05 0.6 0.10000000000000002 0.7529170889122628 1.0
0.05 0.6 0.15000000000000002 0.6371900984791247 1.0
0.05 0.6 0.2 0.5302889452276972 1.0
0.05 0.6 0.25000000000000006 0.4343149195771109 1.0
0.05 0.6 0.30000000000000004 0.35079115469828565 1.0
0.05 0.6 0.35000000000000003 0.280666130794358 1.0
0.05 0.6 0.4 0.22437606977342675 1.0
0.05 0.6 0.45 0.18194872339512522 1.0
0.05 0.6 0.5 0.15312557684205655 1.0
0.05 0.6 0.55 0.08858207578961456 0.1
0.05 0.6 0.6 0.031125019029968976 0.1
0.05 0.6 0.65 0.007648803261121466 0.1
0.05 0.6 0.7 0.0015441192789840815 0.1
0.05 0.6 0.75 0.0002580969805397658 0.1
0.05 0.6 0.8 3.6028762165287725e-05 0.1
0.05 0.6 0.85 4.23748049836213e-06 0.1
0.05 0.6 0.9 4.2354247879361427e-07 0.1
0.05 0.6 0.95 3.6104133549002184e-08 0.1
0.05 0.6 1.0 0.0 0.1
0.05 0.6 1.05 0.0 1.0
0.05 0.65 -0.05 1.0 1.0
0.05 0.65 0.0 1.0 1.0
0.05 0.65 0.05 0.8748544248951103 1.0
0.05 0.65 0.10000000000000002 0.7529174167110375 1.0
0.05 0.65 0.15000000000000002 0.6371906194038459 1.0
0.05 0.65 0.2 0.5302896795964053 1.0
0.05 0.65 0.25000000000000006 0.43431587069775207 1.0
0.05 0.65 0.30000000000000004 0.3507922922554023 1.0
0.05 0.65 0.35000000000000003 0.2806673782281189 1.0
0.05 0.65 0.4 0.224377303011847 1.0
0.05 0.65 0.45 0.18194978665284228 1.0
0.05 0.65 0.5 0.15312631492127932 1.0
0.05 0.65 0.55 0.08858229183326645 0.1
0.05 0.65 0.6 0.03112506398998339 0.1
0.05 0.65 0.65 0.007648808263290689 0.1
0.05 0.65 0.7 0.0015441197561492884 0.1
0.05 0.65 0.75 0.00025809701982974493 0.1
0.05 0.65 0.8 3.602876497236152e-05 0.1
0.05 0.65 0.85 4.237480672810182e-06 0.1
0.05 0.65 0.9 4.2354248819648826e-07 0.1
0.05 0.65 0.95 3.610413398154739e-08 0.1
0.05 0.65 1.0 0.0 0.1
0.05 0.65 1.05 0.0 1.0
0.05 0.7 -0.05 1.0 1.0
0.05 0.7 0.0 1.0 1.0
0.05 0.7 0.05 0.8748545083404651 1.0
0.05 0.7 0.10000000000000002 0.7529175894806169 1.0
0.05 0.7 0.15000000000000002 0.6371908905415926 1.0
0.05 0.7 0.2 0.5302900560676028 1.0
0.05 0.7 0.25000000000000006 0.4343163503050021 1.0
0.05 0.7 0.30000000000000004 0.350792856333344 1.0
0.05 0.7 0.35000000000000003 0.2806679867788921 1.0
0.05 0.7 0.4 0.22437789534889524 1.0
0.05 0.7 0.45 0.1819502895373283 1.0
0.05 0.7 0.5 0.15312665738424444 1.0
0.05 0.7 0.55 0.08858238705945738 0.1
0.05 0.7 0.6 0.03112508294362022 0.1
0.05 0.7 0.65 0.007648810242252714 0.1
0.05 0.7 0.7 0.0015441199337432876 0.1
0.05 0.7 0.75 0.00025809703362673144 0.1
0.05 0.7 0.8 3.6028765906235035e-05 0.1
0.05 0.7 0.85 4.2374807281802106e-06 0.1
0.05 0.7 0.9 4.2354249108310047e-07 0.1
0.05 0.7 0.95 3.610413411381201e-08 0.1
0.05 0.7 1.0 0.0 0.1
0.05 0.7 1.05 0.0 1.0
0.05 0.75 -0.05 1.0 1.0
0.05 0.75 0.0 1.0 1.0
0.05 0.75 0.05 0.874854551274361 1.0
0.05 0.75 0.10000000000000002 0.7529176777284146 1.0
0.05 0.75 0.15000000000000002 0.6371910275330123 1.0
0.05 0.75 0.2 0.5302902437821074 1.0
0.05 0.75 0.25000000000000006 0.43431658603856566 1.0
0.05 0.75 0.30000000000000004 0.35079312957223796 1.0
0.05 0.75 0.35000000000000003 0.2806682773943541 1.0
0.05 0.75 0.4 0.22437817436278223 1.0
0.05 0.75 0.45 0.1819505231201877 1.0
0.05 0.75 0.5 0.1531268135398919 1.0
0.05 0.75 0.55 0.08858242831284616 0.1
0.05 0.75 0.6 0.031125090805004328 0.1
0.05 0.75 0.65 0.007648811013300385 0.1
0.05 0.75 0.7 0.0015441199988809157 0.1
0.05 0.75 0.75 0.0002580970384007 0.1
0.05 0.75 0.8 3.6028766211797326e-05 0.1
0.05 0.75 0.85 4.2374807453631675e-06 0.1
0.05 0.75 0.9 4.235424919365196e-07 0.1
0.05 0.75 0.95 3.6104134151358455e-08 0.1
0.05 0.75 1.0 0.0 0.1
0.05 0.75 1.05 0.0 1.0
0.05 0.8 -0.05 1.0 1.0
0.05 0.8 0.0 1.0 1.0
0.05 0.8 0.05 0.8748545726925762 1.0
0.05 0.8 0.10000000000000002 0.7529177214744617 1.0
0.05 0.8 0.15000000000000002 0.637191094800757 1.0
0.05 0.8 0.2 0.5302903349009581 1.0
0.05 0.8 0.25000000000000006 0.4343166990423149 1.0
0.05 0.8 0.30000000000000004 0.35079325889539603 1.0
0.05 0.8 0.35000000000000003 0.28066841323197916 1.0
0.05 0.8 0.4 0.22437830319326055 1.0
0.05 0.8 0.45 0.1819506295993054 1.0
0.05 0.8 0.5 0.15312688346336512 1.0
0.05 0.8 0.55 0.08858244586562154 0.1
0.05 0.8 0.6 0.031125094010523744 0.1
0.05 0.8 0.65 0.0076488113089202715 0.1
0.05 0.8 0.7 0.0015441200224100271 0.1
0.05 0.8 0.75 0.0002580970400285236 0.1
0.05 0.8 0.8 3.602876631033455e-05 0.1
0.05 0.8 0.85 4.2374807506138985e-06 0.1
0.05 0.8 0.9 4.2354249218418946e-07 0.1
0.05 0.8 0.95 3.610413416173815e-08 0.1
0.05 0.8 1.0 0.0 0.1
0.05 0.8 1.05 0.0 1.0
0.05 0.85 -0.05 1.0 1.0
0.05 0.85 0.0 1.0 1.0
0.05 0.85 0.05 0.8748545830565456 1.0
0.05 0.85 0.10000000000000002 0.7529177425265936 1.0
0.05 0.85 0.15000000000000002 0.6371911269061773 1.0
0.05 0.85 0.2 0.5302903779552913 1.0
0.05 0.85 0.25000000000000006 0.43431675185617347 1.0
0.05 0.85 0.30000000000000004 0.35079331866449986 1.0
0.05 0.85 0.35000000000000003 0.2806684753231093 1.0
0.05 0.85 0.4 0.224378361441864 1.0
0.05 0.85 0.45 0.18195067717894856 1.0
0.05 0.85 0.5 0.15312691417488664 1.0
0.05 0.85 0.55 0.0885824531934913 0.1
0.05 0.85 0.6 0.03112509529418351 0.1
0.05 0.85 0.65 0.007648811420340814 0.1
0.05 0.85 0.7 0.0015441200307725912 0.1
0.05 0.85 0.75 0.00025809704057507113 0.1
0.05 0.85 0.8 3.60287663416426e-05 0.1
0.05 0.85 0.85 4.2374807521952675e-06 0.1
0.05 0.85 0.9 4.235424922550108e-07 0.1
0.05 0.85 0.95 3.6104134164561475e-08 0.1
0.05 0.85 1.0 0.0 0.1
0.05 0.85 1.05 0.0 1.0
0.05 0.9 -0.05 1.0 1.0
0.05 0.9 0.0 1.0 1.0
0.05 0.9 0.05 0.874854587900242 1.0
0.05 0.9 0.10000000000000002 0.7529177523193221 1.0
0.05 0.9 0.15000000000000002 0.6371911417350073 1.0
0.05 0.9 0.2 0.5302903976698817 1.0
0.05 0.9 0.25000000000000006 0.43431677581201517 1.0
0.05 0.9 0.30000000000000004 0.3507933455135186 1.0
0.05 0.9 0.35000000000000003 0.2806685029477292 1.0
0.05 0.9 0.4 0.2243783871077213 1.0
0.05 0.9 0.45 0.18195069792118965 1.0
0.05 0.9 0.5 0.15312692734661612 1.0
0.05 0.9 0.55 0.0885824561840616 0.1
0.05 0.9 0.6 0.031125095797381194 0.1
0.05 0.9 0.65 0.007648811461512662 0.1
0.05 0.9 0.7 0.0015441200336902688 0.1
0.05 0.9 0.75 0.0002580970407554099 0.1
0.05 0.9 0.8 3.602876635142754e-05 0.1
0.05 0.9 0.85 4.237480752664107e-06 0.1
0.05 0.9 0.9 4.235424922749575e-07 0.1
0.05 0.9 0.95 3.610413416531803e-08 0.1
0.05 0.9 1.0 0.0 0.1
0.05 0.9 1.05 0.0 1.0
0.05 0.95 -0.05 1.0 1.0
0.05 0.95 0.0 1.0 1.0
0.05 0.95 0.05 0.8748545900242404 1.0
0.05 0.95 0.10000000000000002 0.7529177565972414 1.0
0.05 0.95 0.15000000000000002 0.6371911481758729 1.0
0.05 0.95 0.2 0.5302904061729095 1.0
0.05 0.95 0.25000000000000006 0.4343167860649521 1.0
0.05 0.95 0.30000000000000004 0.3507933569137617 1.0
0.05 0.95 0.35000000000000003 0.2806685145843827 1.0
0.05 0.95 0.4 0.22437839783232594 1.0
0.05 0.95 0.45 0.18195070650976738 1.0
0.05 0.95 0.5 0.15312693272203048 1.0
0.05 0.95 0.55 0.08858245735025126 0.1
0.05 0.95 0.6 0.031125095986516943 0.1
0.05 0.95 0.65 0.007648811476164388 0.1
0.05 0.95 0.7 0.0015441200346743003 0.1
0.05 0.95 0.75 0.0002580970408131137 0.1
0.05 0.95 0.8 3.6028766354401204e-05 0.1
0.05 0.95 0.85 4.2374807527995815e-06 0.1
0.05 0.95 0.9 4.235424922804438e-07 0.1
0.05 0.95 0.95 3.610413416551633e-08 0.1
0.05 0.95 1.0 0.0 0.1
0.05 0.95 1.05 0.0 1.0
0.05 1.0 -0.05 1.0 1.0
0.05 1.0 0.0 1.0 1.0
0.05 1.0 0.05 0.8748545907411696 1.0
0.05 1.0 0.10000000000000002 0.7529177580376408 1.0
0.05 1.0 0.15000000000000002 0.6371911503364525 1.0
0.05 1.0 0.2 0.5302904090121555 1.0
0.05 1.0 0.25000000000000006 0.43431678947120933 1.0
0.05 1.0 0.30000000000000004 0.35079336068136124 1.0
0.05 1.0 0.35000000000000003 0.28066851840984025 1.0
0.05 1.0 0.4 0.22437840133889753 1.0
0.05 1.0 0.45 0.18195070930050253 1.0
0.05 1.0 0.5 0.1531269344509866 1.0
0.05 1.0 0.55 0.08858245771320453 0.1
0.05 1.0 0.6 0.03112509604382341 0.1
0.05 1.0 0.65 0.00764881148042693 0.1
0.05 1.0 0.7 0.0015441200349491657 0.1
0.05 1.0 0.75 0.0002580970408285905 0.1
0.05 1.0 0.8 3.602876635516715e-05 0.1
0.05 1.0 0.85 4.237480752833104e-06 0.1
0.05 1.0 0.9 4.2354249228174834e-07 0.1
0.05 1.0 0.95 3.610413416556167e-08 0.1
0.05 1.0 1.0 0.0 0.1
0.05 1.0 1.05 0.0 1.0
0.05 1.05 -0.05 1.0 1.0
0.05 1.05 0.0 1.0 1.0
0.05 1.05 0.05 0.8748545907411696 1.0
0.05 1.05 0.10000000000000002 0.7529177580376408 1.0
0.05 1.05 0.15000000000000002 0.6371911503364525 1.0
0.05 1.05 0.2 0.5302904090121555 1.0
0.05 1.05 0.25000000000000006 0.43431678947120933 1.0
0.05 1.05 0.30000000000000004 0.35079336068136124 1.0
0.05 1.05 0.35000000000000003 0.28066851840984025 1.0
0.05 1.05 0.4 0.22437840133889753 1.0
0.05 1.05 0.45 0.18195070930050253 1.0
0.05 1.05 0.5 0.1531269344509866 1.0
0.05 1.05 0.55 0.08858245771320453 1.0
0.05 1.05 0.6 0.03112509604382341 1.0
0.05 1.05 0.65 0.00764881148042693 1.0
0.05 1.05 0.7 0.0015441200349491657 1.0
0.05 1.05 0.75 0.0002580970408285905 1.0
0.05 1.05 0.8 3.602876635516715e-05 1.0
0.05 1.05 0.85 4.237480752833104e-06 1.0
0.05 1.05 0.9 4.2354249228174834e-07 1.0
0.05 1.05 0.95 3.610413416556167e-08 1.0
0.05 1.05 1.0 0.0 1.0
0.05 1.05 1.05 0.0 1.0
1.0 -0.05 -0.05 1.0 1.0
1.0 -0.05 0.0 1.0 1.0
1.0 -0.05 0.05 0.9877427638940828 1.0
1.0 -0.05 0.10000000000000002 0.9754592942538411 1.0
1.0 -0.05 0.15000000000000002 0.9631182030944703 1.0
1.0 -0.05 0.2 0.9506761140660165 1.0
1.0 -0.05 0.25000000000000006 0.9380664050741293 1.0
1.0 -0.05 0.30000000000000004 0.9251776148715751 1.0
1.0 -0.05 0.35000000000000003 0.9118074179506207 1.0
1.0 -0.05 0.4 0.8975659791709919 1.0
1.0 -0.05 0.45 0.8818748114367236 1.0
1.0 -0.05 0.5 0.8687814231817474 1.0
1.0 -0.05 0.55 0.813329126880403 1.0
1.0 -0.05 0.6 0.7161095613316785 1.0
1.0 -0.05 0.65 0.6227226757564841 1.0
1.0 -0.05 0.7 0.529721618121158 1.0
1.0 -0.05 0.75 0.4378842929163475 1.0
1.0 -0.05 0.8 0.3476235031418769 1.0
1.0 -0.05 0.85 0.25898841430719904 1.0
1.0 -0.05 0.9 0.17177744972372852 1.0
1.0 -0.05 0.95 0.08561264405988342 1.0
1.0 -0.05 1.0 0.0 1.0
1.0 -0.05 1.05 0.0 1.0
1.0 0.0 -0.05 1.0 1.0
1.0 0.0 0.0 1.0 1.0
1.0 0.0 0.05 0.9877427638940828 1.0
1.0 0.0 0.10000000000000002 0.9754592942538411 1.0
1.0 0.0 0.15000000000000002 0.9631182030944703 1.0
1.0 0.0 0.2 0.9506761140660165 1.0
1.0 0.0 0.25000000000000006 0.9380664050741293 1.0
1.0 0.0 0.30000000000000004 0.9251776148715751 1.0
1.0 0.0 0.35000000000000003 0.9118074179506207 1.0
1.0 0.0 0.4 0.8975659791709919 1.0
1.0 0.0 0.45 0.8818748114367236 1.0
1.0 0.0 0.5 0.8687814231817474 1.0
1.0 0.0 0.55 0.813329126880403 0.1
1.0 0.0 0.6 0.7161095613316785 0.1
1.0 0.0 0.65 0.6227226757564841 0.1
1.0 0.0 0.7 0.529721618121158 0.1
1.0 0.0 0.75 0.4378842929163475 0.1
1.0 0.0 0.8 0.3476235031418769 0.1
1.0 0.0 0.85 0.25898841430719904 0.1
1.0 0.0 0.9 0.17177744972372852 0.1
1.0 0.0 0.95 0.08561264405988342 0.1
1.0 0.0 1.0 0.0 0.1
1.0 0.0 1.05 0.0 1.0
1.0 0.05 -0.05 1.0 1.0
1.0 0.05 0.0 1.0 1.0
1.0 0.05 0.05 0.9877707617449348 1.0
1.0 0.05 0.10000000000000002 0.9755189191026118 1.0
1.0 0.05 0.15000000000000002 0.9632178706502612 1.0
1.0 0.05 0.2 0.9508320401332194 1.0
1.0 0.05 0.25000000000000006 0.9383095441467183 1.0
1.0 0.05 0.30000000000000004 0.9255701388415907 1.0
1.0 0.05 0.35000000000000003 0.9124837415959777 1.0
1.0 0.05 0.4 0.8988286568287853 1.0
1.0 0.05 0.45 0.8842700374536597 1.0
1.0 0.05 0.5 0.8717807993682601 1.0
1.0 0.05 0.55 0.8162611615370596 0.1
1.0 0.05 0.6 0.7183117278635869 0.1
1.0 0.05 0.65 0.6236925527134617 0.1
1.0 0.05 0.7 0.5300493771869301 0.1
1.0 0.05 0.75 0.4379124453689914 0.1
1.0 0.05 0.8 0.3475220545236613 0.1
1.0 0.05 0.85 0.2588503616775982 0.1
1.0 0.05 0.9 0.1716583365334767 0.1
1.0 0.05 0.95 0.0855453159520624 0.1
1.0 0.05 1.0 0.0 0.1
1.0 0.05 1.05 0.0 1.0
1.0 0.10000000000000002 -0.05 1.0 1.0
1.0 0.10000000000000002 0.0 1.0 1.0
1.0 0.10000000000000002 0.05 0.9878326862785219 1.0
1.0 0.10000000000000002 0.10000000000000002 0.975650188489164 1.0
1.0 0.10000000000000002 0.15000000000000002 0.9634354197826291 1.0
1.0 0.10000000000000002 0.2 0.9511675760914508 1.0
1.0 0.10000000000000002 0.25000000000000006 0.9388209581439853 1.0
1.0 0.10000000000000002 0.30000000000000004 0.9263667184236153 1.0
1.0 0.10000000000000002 0.35000000000000003 0.9137862621177615 1.0
1.0 0.10000000000000002 0.4 0.9011306069053227 1.0
1.0 0.10000000000000002 0.45 0.8887565643576399 1.0
1.0 0.10000000000000002 0.5 0.8779212364336603 1.0
1.0 0.10000000000000002 0.55 0.8222673628602312 0.1
1.0 0.10000000000000002 0.6 0.7224251165390818 0.1
1.0 0.10000000000000002 0.65 0.625430369857834 0.1
1.0 0.10000000000000002 0.7 0.53068152537659 0.1
1.0 0.10000000000000002 0.75 0.43800708297151647 0.1
1.0 0.10000000000000002 0.8 0.3473678555230587 0.1
1.0 0.10000000000000002 0.85 0.25861607189238395 0.1
1.0 0.10000000000000002 0.9 0.17144942690087012 0.1
1.0 0.10000000000000002 0.95 0.08542561062575467 0.1
1.0 0.10000000000000002 1.0 0.0 0.1
1.0 0.10000000000000002 1.05 0.0 1.0
1.0 0.15000000000000002 -0.05 1.0 1.0
1.0 0.15000000000000002 0.0 1.0 1.0
1.0 0.15000000000000002 0.05 0.9879213383227157 1.0
1.0 0.15000000000000002 0.10000000000000002 0.9758367290460342 1.0
1.0 0.15000000000000002 0.15000000000000002 0.9637403768333342 1.0
1.0 0.15000000000000002 0.2 0.9516275713897862 1.0
1.0 0.15000000000000002 0.25000000000000006 0.9394978411084204 1.0
1.0 0.15000000000000002 0.30000000000000004 0.9273636226908314 1.0
1.0 0.15000000000000002 0.35000000000000003 0.9152720122197769 1.0
1.0 0.15000000000000002 0.4 0.9033541487584792 1.0
1.0 0.15000000000000002 0.45 0.8919088810076448 1.0
1.0 0.15000000000000002 0.5 0.8813985168841438 1.0
1.0 0.15000000000000002 0.55 0.8256455093336615 0.1
1.0 0.15000000000000002 0.6 0.725287269664512 0.1
1.0 0.15000000000000002 0.65 0.6272061949267189 0.1
1.0 0.15000000000000002 0.7 0.5316184301615653 0.1
1.0 0.15000000000000002 0.75 0.4384155476530085 0.1
1.0 0.15000000000000002 0.8 0.3474759745557724 0.1
1.0 0.15000000000000002 0.85 0.25857951853619515 0.1
1.0 0.15000000000000002 0.9 0.1713719148149114 0.1
1.0 0.15000000000000002 0.95 0.08537139179007418 0.1
1.0 0.15000000000000002 1.0 0.0 0.1
1.0 0.15000000000000002 1.05 0.0 1.0
1.0 0.2 -0.05 1.0 1.0
1.0 0.2 0.0 1.0 1.0
1.0 0.2 0.05 0.9880276914337521 1.0
1.0 0.2 0.10000000000000002 0.9760585122275967 1.0
1.0 0.2 0.15000000000000002 0.9640970940136074 1.0
1.0 0.2 0.2 0.9521519480220415 1.0
1.0 0.2 0.25000000000000006 0.940239949837418 1.0
1.0 0.2 0.30000000000000004 0.9283948459136058 1.0
1.0 0.2 0.35000000000000003 0.9166821293107548 1.0
1.0 0.2 0.4 0.9052197588451112 1.0
1.0 0.2 0.45 0.8941884319773615 1.0
1.0 0.2 0.5 0.8837790878249645 1.0
1.0 0.2 0.55 0.8279473122767945 0.1
1.0 0.2 0.6 0.7273351735248925 0.1
1.0 0.2 0.65 0.6287107452167234 0.1
1.0 0.2 0.7 0.5325785212030801 0.1
1.0 0.2 0.75 0.4389561473608587 0.1
1.0 0.2 0.8 0.34773606395844686 0.1
1.0 0.2 0.85 0.25867515748793557 0.1
1.0 0.2 0.9 0.17138900697428702 0.1
1.0 0.2 0.95 0.08536608573913271 0.1
1.0 0.2 1.0 0.0 0.1
1.0 0.2 1.05 0.0 1.0
1.0 0.25000000000000006 -0.05 1.0 1.0
1.0 0.25000000000000006 0.0 1.0 1.0
1.0 0.25000000000000006 0.05 0.9881427918146929 1.0
1.0 0.25000000000000006 0.10000000000000002 0.9762962923284653 1.0
1.0 0.25000000000000006 0.15000000000000002 0.9644732318947061 1.0
1.0 0.25000000000000006 0.2 0.952690997793323 1.0
1.0 0.25000000000000006 0.25000000000000006 0.9409755343564563 1.0
1.0 0.25000000000000006 0.30000000000000004 0.9293670290573466 1.0
1.0 0.25000000000000006 0.35000000000000003 0.9179269596769182 1.0
1.0 0.25000000000000006 0.4 0.906742908883328 1.0
1.0 0.25000000000000006 0.45 0.89592106631961 1.0
1.0 0.25000000000000006 0.5 0.885552825343264 1.0
1.0 0.25000000000000006 0.55 0.8296574761768559 0.1
1.0 0.25000000000000006 0.6 0.7288805499140456 0.1
1.0 0.25000000000000006 0.65 0.6299402235028426 0.1
1.0 0.25000000000000006 0.7 0.5334536674798612 0.1
1.0 0.25000000000000006 0.75 0.43952048006317207 0.1
1.0 0.25000000000000006 0.8 0.34806550178327345 0.1
1.0 0.25000000000000006 0.85 0.25884677220264035 0.1
1.0 0.25000000000000006 0.9 0.1714664324929006 0.1
1.0 0.25000000000000006 0.95 0.08539354511710782 0.1
1.0 0.25000000000000006 1.0 0.0 0.1
1.0 0.25000000000000006 1.05 0.0 1.0
1.0 0.30000000000000004 -0.05 1.0 1.0
1.0 0.30000000000000004 0.0 1.0 1.0
1.0 0.30000000000000004 0.05 0.9882590817406715 1.0
1.0 0.30000000000000004 0.10000000000000002 0.9765344035596566 1.0
1.0 0.30000000000000004 0.15000000000000002 0.964844140237755 1.0
1.0 0.30000000000000004 0.2 0.9532106282974031 1.0
1.0 0.30000000000000004 0.25000000000000006 0.941663071069452 1.0
1.0 0.30000000000000004 0.30000000000000004 0.9302405585541939 1.0
1.0 0.30000000000000004 0.35000000000000003 0.9189943769815819 1.0
1.0 0.30000000000000004 0.4 0.9079870115396947 1.0
1.0 0.30000000000000004 0.45 0.8972837665734703 1.0
1.0 0.30000000000000004 0.5 0.8869349511509628 1.0
1.0 0.30000000000000004 0.55 0.830987956690407 0.1
1.0 0.30000000000000004 0.6 0.7300909764781678 0.1
1.0 0.30000000000000004 0.65 0.6309445664733938 0.1
1.0 0.30000000000000004 0.7 0.5342172491125099 0.1
1.0 0.30000000000000004 0.75 0.44005580899652064 0.1
1.0 0.30000000000000004 0.8 0.3484124372567494 0.1
1.0 0.30000000000000004 0.85 0.2590535747942502 0.1
1.0 0.30000000000000004 0.9 0.17157706225604558 0.1
1.0 0.30000000000000004 0.95 0.08544036844495471 0.1
1.0 0.30000000000000004 1.0 0.0 0.1
1.0 0.30000000000000004 1.05 0.0 1.0
1.0 0.35000000000000003 -0.05 1.0 1.0
1.0 0.35000000000000003 0.0 1.0 1.0
1.0 0.35000000000000003 0.05 0.9883709769899941 1.0
1.0 0.35000000000000003 0.10000000000000002 0.976761724747245 1.0
1.0 0.35000000000000003 0.15000000000000002 0.9651935582097341 1.0
1.0 0.35000000000000003 0.2 0.9536909416869883 1.0
1.0 0.35000000000000003 0.25000000000000006 0.9422830982405159 1.0
1.0 0.35000000000000003 0.30000000000000004 0.9310052869896529 1.0
1.0 0.35000000000000003 0.35000000000000003 0.9198989379210681 1.0
1.0 0.35000000000000003 0.4 0.9090093125437894 1.0
1.0 0.35000000000000003 0.45 0.8983794203945704 1.0
1.0 0.35000000000000003 0.5 0.888040670674868 1.0
1.0 0.35000000000000003 0.55 0.8320516337035643 0.1
1.0 0.35000000000000003 0.6 0.7310625816255991 0.1
1.0 0.35000000000000003 0.65 0.6317709955509898 0.1
1.0 0.35000000000000003 0.7 0.5348723554198805 0.1
1.0 0.35000000000000003 0.75 0.44054089229944066 0.1
1.0 0.35000000000000003 0.8 0.34874812393015736 0.1
1.0 0.35000000000000003 0.85 0.25926922837850774 0.1
1.0 0.35000000000000003 0.9 0.17170177373178486 0.1
1.0 0.35000000000000003 0.95 0.08549665458354364 0.1
1.0 0.35000000000000003 1.0 0.0 0.1
1.0 0.35000000000000003 1.05 0.0 1.0
1.0 0.4 -0.05 1.0 1.0
1.0 0.4 0.0 1.0 1.0
1.0 0.4 0.05 0.9884748573421431 1.0
1.0 0.4 0.10000000000000002 0.9769713764685158 1.0
1.0 0.4 0.15000000000000002 0.9655122980719054 1.0
1.0 0.4 0.2 0.9541224621280475 1.0
1.0 0.4 0.25000000000000006 0.9428296314080414 1.0
1.0 0.4 0.30000000000000004 0.9316648234316349 1.0
1.0 0.4 0.35000000000000003 0.9206616648844856 1.0
1.0 0.4 0.4 0.9098542033801129 1.0
1.0 0.4 0.45 0.8992729332804288 1.0
1.0 0.4 0.5 0.8889397592294916 1.0
1.0 0.4 0.55 0.8329165232251882 0.1
1.0 0.4 0.6 0.731855127974282 0.1
1.0 0.4 0.65 0.6324561057851905 0.1
1.0 0.4 0.7 0.5354307680476214 0.1
1.0 0.4 0.75 0.44097001536742575 0.1
1.0 0.4 0.8 0.34905841480049005 0.1
1.0 0.4 0.85 0.2594782566886537 0.1
1.0 0.4 0.9 0.1718282650718381 0.1
1.0 0.4 0.95 0.08555572947884695 0.1
1.0 0.4 1.0 0.0 0.1
1.0 0.4 1.05 0.0 1.0
1.0 0.45 -0.05 1.0 1.0
1.0 0.45 0.0 1.0 1.0
1.0 0.45 0.05 0.988568735057179 1.0
1.0 0.45 0.10000000000000002 0.9771598328087909 1.0
1.0 0.45 0.15000000000000002 0.9657963186752204 1.0
1.0 0.45 0.2 0.9545024451253868 1.0
1.0 0.45 0.25000000000000006 0.9433040186315211 1.0
1.0 0.45 0.30000000000000004 0.9322282844367666 1.0
1.0 0.45 0.35000000000000003 0.9213031166715779 1.0
1.0 0.45 0.4 0.9105553166214951 1.0
1.0 0.45 0.45 0.9000080820733309 1.0
1.0 0.45 0.5 0.8896781847853529 1.0
1.0 0.45 0.55 0.8336272051011362 0.1
1.0 0.45 0.6 0.7325083203347572 0.1
1.0 0.45 0.65 0.6330272733454426 0.1
1.0 0.45 0.7 0.5359054693864083 0.1
1.0 0.45 0.75 0.4413444349149084 0.1
1.0 0.45 0.8 0.34933753805559403 0.1
1.0 0.45 0.85 0.25967241126397755 0.1
1.0 0.45 0.9 0.17194925231880262 0.1
1.0 0.45 0.95 0.08561344033441715 0.1
1.0 0.45 1.0 0.0 0.1
1.0 0.45 1.05 0.0 1.0
1.0 0.5 -0.05 1.0 1.0
1.0 0.5 0.0 1.0 1.0
1.0 0.5 0.05 0.9886518218505503 1.0
1.0 0.5 0.10000000000000002 0.9773259280214042 1.0
1.0 0.5 0.15000000000000002 0.9660449431919764 1.0
1.0 0.5 0.2 0.9548320767783877 1.0
1.0 0.5 0.25000000000000006 0.943711160556247 1.0
1.0 0.5 0.30000000000000004 0.93270635212904 1.0
1.0 0.5 0.35000000000000003 0.9218413861516103 1.0
1.0 0.5 0.4 0.9111383290971553 1.0
1.0 0.5 0.45 0.9006159582577163 1.0
1.0 0.5 0.5 0.8902881093224246 1.0
1.0 0.5 0.55 0.8342147153141793 0.1
1.0 0.5 0.6 0.7330499413220579 0.1
1.0 0.5 0.65 0.6335050493589184 0.1
1.0 0.5 0.7 0.5363082593962204 0.1
1.0 0.5 0.75 0.44166817685523013 0.1
1.0 0.5 0.8 0.3495842020543994 0.1
1.0 0.5 0.85 0.2598478832579107 0.1
1.0 0.5 0.9 0.17206080872010376 0.1
1.0 0.5 0.95 0.08566740619482524 0.1
1.0 0.5 1.0 0.0 0.1
1.0 0.5 1.05 0.0 1.0
1.0 0.55 -0.05 1.0 1.0
1.0 0.55 0.0 1.0 1.0
1.0 0.55 0.05 0.9887241243717326 1.0
1.0 0.55 0.10000000000000002 0.9774699981454906 1.0
1.0 0.55 0.15000000000000002 0.966259483483286 1.0
1.0 0.55 0.2 0.9551145909145373 1.0
1.0 0.55 0.25000000000000006 0.9440573590156157 1.0
1.0 0.55 0.30000000000000004 0.9331095039673554 1.0
1.0 0.55 0.35000000000000003 0.9222917896943147 1.0
1.0 0.55 0.4 0.9116231289683466 1.0
1.0 0.55 0.45 0.9011195219221602 1.0
1.0 0.55 0.5 0.8907930431125239 1.0
1.0 0.55 0.55 0.8347016357424716 0.1
1.0 0.55 0.6 0.7335002209716195 0.1
1.0 0.55 0.65 0.6339050710585351 0.1
1.0 0.55 0.7 0.5366491868318333 0.1
1.0 0.55 0.75 0.44194606711836315 0.1
1.0 0.55 0.8 0.3497993387224848 0.1
1.0 0.55 0.85 0.26000342075567756 0.1
1.0 0.55 0.9 0.17216110050445102 0.1
1.0 0.55 0.95 0.0857163991612984 0.1
1.0 0.55 1.0 0.0 0.1
1.0 0.55 1.05 0.0 1.0
1.0 0.6 -0.05 1.0 1.0
1.0 0.6 0.0 1.0 1.0
1.0 0.6 0.05 0.9887861218316187 1.0
1.0 0.6 0.10000000000000002 0.9775932319396502 1.0
1.0 0.6 0.15000000000000002 0.9664422815101882 1.0
1.0 0.6 0.2 0.955354091872697 1.0
1.0 0.6 0.25000000000000006 0.9443491539587225 1.0
1.0 0.6 0.30000000000000004 0.9334472788780458 1.0
1.0 0.6 0.35000000000000003 0.9226670828211155 1.0
1.0 0.6 0.4 0.9120253309855552 1.0
1.0 0.6 0.45 0.90153621942957 1.0
1.0 0.6 0.5 0.8912107230227309 1.0
1.0 0.6 0.55 0.8351049319217358 0.1
1.0 0.6 0.6 0.7338743371909081 0.1
1.0 0.6 0.65 0.6342394090390397 0.1
1.0 0.6 0.7 0.5369365861989382 0.1
1.0 0.6 0.75 0.4421828498752083 0.1
1.0 0.6 0.8 0.3499848548961107 0.1
1.0 0.6 0.85 0.26013914806911237 0.1
1.0 0.6 0.9 0.17224952019854325 0.1
1.0 0.6 0.95 0.08575989564147538 0.1
1.0 0.6 1.0 0.0 0.1
1.0 0.6 1.05 0.0 1.0
1.0 0.65 -0.05 1.0 1.0
1.0 0.65 0.0 1.0 1.0
1.0 0.65 0.05 0.9888385334381504 1.0
1.0 0.65 0.10000000000000002 0.9776972208912835 1.0
1.0 0.65 0.15000000000000002 0.9665960864709255 1.0
1.0 0.65 0.2 0.9555548572278981 1.0
1.0 0.65 0.25000000000000006 0.9445927262166814 1.0
1.0 0.65 0.30000000000000004 0.9337280242259873 1.0
1.0 0.65 0.35000000000000003 0.9229777976615344 1.0
1.0 0.65 0.4 0.9123573170639242 1.0
1.0 0.65 0.45 0.9018795710380954 1.0
1.0 0.65 0.5 0.8915548237718257 1.0
1.0 0.65 0.55 0.835437637159653 0.1
1.0 0.65 0.6 0.7341839241730042 0.1
1.0 0.65 0.65 0.6345174916426137 0.1
1.0 0.65 0.7 0.5371772870710158 0.1
1.0 0.65 0.75 0.442382823124961 0.1
1.0 0.65 0.8 0.35014296603847017 0.1
1.0 0.65 0.85 0.2602558610245796 0.1
1.0 0.65 0.9 0.17232613108951875 0.1
1.0 0.65 0.95 0.08579777619668912 0.1
1.0 0.65 1.0 0.0 0.1
1.0 0.65 1.05 0.0 1.0
1.0 0.7 -0.05 1.0 1.0
1.0 0.7 0.0 1.0 1.0
1.0 0.7 0.05 0.9888821624411193 1.0
1.0 0.7 0.10000000000000002 0.9777836671855287 1.0
1.0 0.7 0.15000000000000002 0.9667236726429668 1.0
1.0 0.7 0.2 0.9557209460897236 1.0
1.0 0.7 0.25000000000000006 0.9447936139547368 1.0
1.0 0.7 0.30000000000000004 0.9339588593182587 1.0
1.0 0.7 0.35000000000000003 0.9232325698261491 1.0
1.0 0.7 0.4 0.9126289562026304 1.0
1.0 0.7 0.45 0.9021601784674986 1.0
1.0 0.7 0.5 0.8918360281512555 1.0
1.0 0.7 0.55 0.8357099033735026 0.1
1.0 0.7 0.6 0.7344380230412787 0.1
1.0 0.7 0.65 0.634746739941903 0.1
1.0 0.7 0.7 0.5373768447405565 0.1
1.0 0.7 0.75 0.44254971512710783 0.1
1.0 0.7 0.8 0.35027585458603033 0.1
1.0 0.7 0.85 0.2603546222036453 0.1
1.0 0.7 0.9 0.17239132769630722 0.1
1.0 0.7 0.95 0.08583013562774501 0.1
1.0 0.7 1.0 0.0 0.1
1.0 0.7 1.05 0.0 1.0
1.0 0.75 -0.05 1.0 1.0
1.0 0.75 0.0 1.0 1.0
1.0 0.75 0.05 0.9889177978018169 1.0
1.0 0.75 0.10000000000000002 0.9778542050055254 1.0
1.0 0.75 0.15000000000000002 0.9668276180094489 1.0
1.0 0.75 0.2 0.9558559936043112 1.0
1.0 0.75 0.25000000000000006 0.9449565984131978 1.0
1.0 0.75 0.30000000000000004 0.9341457304243554 1.0
1.0 0.75 0.35000000000000003 0.9234384177562542 1.0
1.0 0.75 0.4 0.9128481102682315 1.0
1.0 0.75 0.45 0.902386389100236 1.0
1.0 0.75 0.5 0.8920627245493293 1.0
1.0 0.75 0.55 0.8359296839204972 0.1
1.0 0.75 0.6 0.734643702738047 0.1
1.0 0.75 0.65 0.6349330080560037 0.1
1.0 0.75 0.7 0.5375397437748608 0.1
1.0 0.75 0.75 0.44268666823786207 0.1
1.0 0.75 0.8 0.3503855042320497 0.1
1.0 0.75 0.85 0.26043653635006886 0.1
1.0 0.75 0.9 0.1724456357082043 0.1
1.0 0.75 0.95 0.08585716758341737 0.1
1.0 0.75 1.0 0.0 0.1
1.0 0.75 1.05 0.0 1.0
1.0 0.8 -0.05 1.0 1.0
1.0 0.8 0.0 1.0 1.0
1.0 0.8 0.05 0.9889461558232947 1.0
1.0 0.8 0.10000000000000002 0.9779102977456438 1.0
1.0 0.8 0.15000000000000002 0.9669101847726166 1.0
1.0 0.8 0.2 0.9559631146121346 1.0
1.0 0.8 0.25000000000000006 0.945085677563444 1.0
1.0 0.8 0.30000000000000004 0.9342934981069512 1.0
1.0 0.8 0.35000000000000003 0.9236009697267447 1.0
1.0 0.8 0.4 0.913020994884621 1.0
1.0 0.8 0.45 0.9025647473637137 1.0
1.0 0.8 0.5 0.8922414766578249 1.0
1.0 0.8 0.55 0.8361031916365949 0.1
1.0 0.8 0.6 0.7348064769482818 0.1
1.0 0.8 0.65 0.635080891436631 0.1
1.0 0.8 0.7 0.5376695629983698 0.1
1.0 0.8 0.75 0.442796265967953 0.1
1.0 0.8 0.8 0.3504736265789683 0.1
1.0 0.8 0.85 0.26050263003666096 0.1
1.0 0.8 0.9 0.17248959756287555 0.1
1.0 0.8 0.95 0.0858790965636671 0.1
1.0 0.8 1.0 0.0 0.1
1.0 0.8 1.05 0.0 1.0
1.0 0.85 -0.05 1.0 1.0
1.0 0.85 0.0 1.0 1.0
1.0 0.85 0.05 0.9889678478038347 1.0
1.0 0.85 0.10000000000000002 0.977953183279035 1.0
1.0 0.85 0.15000000000000002 0.9669732613251094 1.0
1.0 0.85 0.2 0.9560448683276406 1.0
1.0 0.85 0.25000000000000006 0.9451840820673533 1.0
1.0 0.85 0.30000000000000004 0.9344060288515011 1.0
1.0 0.85 0.35000000000000003 0.9237246432474479 1.0
1.0 0.85 0.4 0.913152439682043 1.0
1.0 0.85 0.45 0.9027003081304666 1.0
1.0 0.85 0.5 0.8923773471534828 1.0
1.0 0.85 0.55 0.8362352130109468 0.1
1.0 0.85 0.6 0.7349305894013597 0.1
1.0 0.85 0.65 0.635193943895908 0.1
1.0 0.85 0.7 0.5377691031669203 0.1
1.0 0.85 0.75 0.4428805728515261 0.1
1.0 0.85 0.8 0.35054163411616235 0.1
1.0 0.85 0.85 0.2605537896429275 0.1
1.0 0.85 0.9 0.17252370862909922 0.1
1.0 0.85 0.95 0.08589613877512814 0.1
1.0 0.85 1.0 0.0 0.1
1.0 0.85 1.05 0.0 1.0
1.0 0.9 -0.05 1.0 1.0
1.0 0.9 0.0 1.0 1.0
1.0 0.9 0.05 0.988983363665281 1.0
1.0 0.9 0.10000000000000002 0.9779838479349147 1.0
1.0 0.9 0.15000000000000002 0.9670183391375772 1.0
1.0 0.9 0.2 0.9561032545900782 1.0
1.0 0.9 0.25000000000000006 0.945254308036484 1.0
1.0 0.9 0.30000000000000004 0.9344862778887721 1.0
1.0 0.9 0.35000000000000003 0.9238127833786485 1.0
1.0 0.9 0.4 0.9132460761349266 1.0
1.0 0.9 0.45 0.9027968563666771 1.0
1.0 0.9 0.5 0.8924741231595669 1.0
1.0 0.9 0.55 0.8363293258945477 0.1
1.0 0.9 0.6 0.735019210602941 0.1
1.0 0.9 0.65 0.6352748299942423 0.1
1.0 0.9 0.7 0.5378404823567884 0.1
1.0 0.9 0.75 0.4429411733118872 0.1
1.0 0.9 0.8 0.3505906347171961 0.1
1.0 0.9 0.85 0.26059073080200046 0.1
1.0 0.9 0.9 0.17254838236947903 0.1
1.0 0.9 0.95 0.08590847999082225 0.1
1.0 0.9 1.0 0.0 0.1
1.0 0.9 1.05 0.0 1.0
1.0 0.95 -0.05 1.0 1.0
1.0 0.95 0.0 1.0 1.0
1.0 0.95 0.05 0.9889930647296531 1.0
1.0 0.95 0.10000000000000002 0.9780030163820265 1.0
1.0 0.95 0.15000000000000002 0.9670465076969791 1.0
1.0 0.95 0.2 0.9561397239644827 1.0
1.0 0.95 0.25000000000000006 0.945298152392341 1.0
1.0 0.95 0.30000000000000004 0.93453635726198 1.0
1.0 0.95 0.35000000000000003 0.9238677657647764 1.0
1.0 0.95 0.4 0.9133044710163386 1.0
1.0 0.95 0.45 0.9028570597429498 1.0
1.0 0.95 0.5 0.892534472124844 1.0
1.0 0.95 0.55 0.8363880492309643 0.1
1.0 0.95 0.6 0.7350745722756423 0.1
1.0 0.95 0.65 0.6353254302738843 0.1
1.0 0.95 0.7 0.5378852045280579 0.1
1.0 0.95 0.75 0.4429792038266845 0.1
1.0 0.95 0.8 0.35062143469985 0.1
1.0 0.95 0.85 0.26061398415180487 0.1
1.0 0.95 0.9 0.17256393168976583 0.1
1.0 0.95 0.95 0.0859162632142183 0.1
1.0 0.95 1.0 0.0 0.1
1.0 0.95 1.05 0.0 1.0
1.0 1.0 -0.05 1.0 1.0
1.0 1.0 0.0 1.0 1.0
1.0 1.0 0.05 0.9889971812232871 1.0
1.0 1.0 0.10000000000000002 0.9780111492814463 1.0
1.0 1.0 0.15000000000000002 0.9670584570982952 1.0
1.0 1.0 0.2 0.9561551912306611 1.0
1.0 1.0 0.25000000000000006 0.9453167430060279 1.0
1.0 1.0 0.30000000000000004 0.9345575866020867 1.0
1.0 1.0 0.35000000000000003 0.9238910688599152 1.0
1.0 1.0 0.4 0.9133292169159488 1.0
1.0 1.0 0.45 0.9028825704806712 1.0
1.0 1.0 0.5 0.8925600454609206 1.0
1.0 1.0 0.55 0.8364129421329985 0.1
1.0 1.0 0.6 0.7350980557308419 0.1
1.0 1.0 0.65 0.6353469107916981 0.1
1.0 1.0 0.7 0.5379042059628052 0.1
1.0 1.0 0.75 0.4429953765287378 0.1
1.0 1.0 0.8 0.3506345439758503 0.1
1.0 1.0 0.85 0.2606238891302038 0.1
1.0 1.0 0.9 0.17257055920331096 0.1
1.0 1.0 0.95 0.08591958196126645 0.1
1.0 1.0 1.0 0.0 0.1
1.0 1.0 1.05 0.0 1.0
1.0 1.05 -0.05 1.0 1.0
1.0 1.05 0.0 1.0 1.0
1.0 1.05 0.05 0.9889971812232871 1.0
1.0 1.05 0.10000000000000002 0.9780111492814463 1.0
1.0 1.05 0.15000000000000002 0.9670584570982952 1.0
1.0 1.05 0.2 0.9561551912306611 1.0
1.0 1.05 0.25000000000000006 0.9453167430060279 1.0
1.0 1.05 0.30000000000000004 0.9345575866020867 1.0
1.0 1.05 0.35000000000000003 0.9238910688599152 1.0
1.0 1.05 0.4 0.9133292169159488 1.0
1.0 1.05 0.45 0.9028825704806712 1.0
1.0 1.05 0.5 0.8925600454609206 1.0
1.0 1.05 0.55 0.8364129421329985 1.0
1.0 1.05 0.6 0.7350980557308419 1.0
1.0 1.05 0.65 0.6353469107916981 1.0
1.0 1.05 0.7 0.5379042059628052 1.0
1.0 1.05 0.75 0.4429953765287378 1.0
1.0 1.05 0.8 0.3506345439758503 1.0
1.0 1.05 0.85 0.2606238891302038 1.0
1.0 1.05 0.9 0.17257055920331096 1.0
1.0 1.05 0.95 0.08591958196126645 1.0
1.0 1.05 1.0 0.0 1.0
1.0 1.05 1.05 0.0 1.0
