0.0 -0.01 0.0 1.0
0.0 0.0 0.0 1.0
0.0 0.01 0.10962799159824373 1.0
0.0 0.019999999999999997 0.21729901671678703 1.0
0.0 0.03 0.3211035631882877 1.0
0.0 0.04 0.4192258597105408 1.0
0.0 0.049999999999999996 0.5099878556335046 1.0
0.0 0.060000000000000005 0.5918898117731983 1.0
0.0 0.07 0.6636465034907264 1.0
0.0 0.08 0.7242181453124316 1.0
0.0 0.09000000000000001 0.7728352763367982 1.0
0.0 0.1 0.8090169943749475 1.0
0.0 0.11 0.8325820905428603 1.0
0.0 0.12000000000000001 0.8436528108322547 1.0
0.0 0.13 0.8426511527289646 1.0
0.0 0.13999999999999999 0.8302877887525464 1.0
0.0 0.15 0.8075438903328205 1.0
0.0 0.16 0.7756463002479519 1.0
0.0 0.16999999999999998 0.7360366656201449 1.0
0.0 0.18 0.6903352921664704 1.0
0.0 0.19 0.6403006103722461 1.0
0.0 0.19999999999999998 0.5877852522924735 1.0
0.0 0.21 0.534689821132861 1.0
0.0 0.22 0.482915492561216 1.0
0.0 0.22999999999999998 0.4343166154538787 1.0
0.0 0.24 0.3906544797824521 1.0
0.0 0.25 0.35355339059327384 1.0
0.0 0.26 0.3244601302339379 1.0
0.0 0.27 0.3046078075362757 1.0
0.0 0.27999999999999997 0.29498498462821254 1.0
0.0 0.29 0.2963108420781215 1.0
0.0 0.3 0.30901699437494745 1.0
0.0 0.31 0.33323640397699295 1.0
0.0 0.32 0.36879966735443825 1.0
0.0 0.33 0.41523876490975964 1.0
0.0 0.34 0.4717981828563899 1.0
0.0 0.35 0.537453133595094 1.0
0.0 0.36 0.6109344263197829 1.0
0.0 0.37 0.6907593758142077 1.0
0.0 0.38 0.7752679887007775 1.0
0.0 0.39 0.8626635364341099 1.0
0.0 0.4 0.9510565162951534 1.0
0.0 0.41 1.0385109181970582 1.0
0.0 0.42 1.1230916583161046 1.0
0.0 0.43 1.2029120118085206 1.0
0.0 0.44 1.276179876874925 1.0
0.0 0.45 1.3412417311884115 1.0
0.0 0.46 1.3966231985019515 1.0
0.0 0.47 1.441065226697264 1.0
0.0 0.48 1.4735549865758484 1.0
0.0 0.49 1.4933507306633005 1.0
0.0 0.5 1.5 1.0
0.0 0.51 1.4933507306633005 1.0
0.0 0.52 1.4735549865758484 1.0
0.0 0.53 1.4410652266972637 1.0
0.0 0.54 1.3966231985019515 1.0
0.0 0.55 1.3412417311884113 1.0
0.0 0.56 1.2761798768749253 1.0
0.0 0.57 1.2029120118085215 1.0
0.0 0.58 1.123091658316105 1.0
0.0 0.59 1.038510918197059 1.0
0.0 0.6 0.9510565162951539 1.0
0.0 0.61 0.8626635364341106 1.0
0.0 0.62 0.775267988700778 1.0
0.0 0.63 0.6907593758142077 1.0
0.0 0.64 0.6109344263197831 1.0
0.0 0.65 0.537453133595094 1.0
0.0 0.66 0.47179818285638986 1.0
0.0 0.67 0.4152387649097596 1.0
0.0 0.68 0.36879966735443825 1.0
0.0 0.6900000000000001 0.33323640397699283 1.0
0.0 0.7 0.30901699437494745 1.0
0.0 0.71 0.2963108420781216 1.0
0.0 0.72 0.2949849846282124 1.0
0.0 0.73 0.30460780753627537 1.0
0.0 0.74 0.3244601302339376 1.0
0.0 0.75 0.35355339059327334 1.0
0.0 0.76 0.3906544797824521 1.0
0.0 0.77 0.4343166154538786 1.0
0.0 0.78 0.4829154925612159 1.0
0.0 0.79 0.5346898211328611 1.0
0.0 0.8 0.587785252292473 1.0
0.0 0.81 0.6403006103722461 1.0
0.0 0.8200000000000001 0.6903352921664709 1.0
0.0 0.83 0.7360366656201442 1.0
0.0 0.84 0.7756463002479519 1.0
0.0 0.85 0.8075438903328201 1.0
0.0 0.86 0.8302877887525464 1.0
0.0 0.87 0.8426511527289642 1.0
0.0 0.88 0.8436528108322549 1.0
0.0 0.89 0.8325820905428603 1.0
0.0 0.9 0.8090169943749475 1.0
0.0 0.91 0.7728352763367979 1.0
0.0 0.92 0.7242181453124317 1.0
0.0 0.93 0.6636465034907262 1.0
0.0 0.9400000000000001 0.5918898117731979 1.0
0.0 0.95 0.5099878556335052 1.0
0.0 0.96 0.4192258597105413 1.0
0.0 0.97 0.32110356318828837 1.0
0.0 0.98 0.21729901671678759 1.0
0.0 0.99 0.1096279915982444 1.0
0.0 1.0 4.286263797015736e-16 1.0
0.0 1.01 -0.10962799159824357 1.0
0.001 -0.01 0.0 1.0
0.001 0.0 0.0 1.0
0.001 0.01 0.0900583268012395 1.0
0.001 0.019999999999999997 -0.017062417723681722 1.0
0.001 0.03 -2.079333280708876 1.0
0.001 0.04 -23.65874558525399 1.0
0.001 0.049999999999999996 -240.35832699184445 1.0
0.001 0.060000000000000005 -2408.192711307228 1.0
0.001 0.07 -24087.29421518548 1.0
0.001 0.08 -240878.97394385238 1.0
0.001 0.09000000000000001 -2408796.3331388305 1.0
0.001 0.1 -24087970.376890294 1.0
0.001 0.11 -240879711.15143454 1.0
0.001 0.12000000000000001 -2408797119.1172376 1.0
0.001 0.13 -24087971198.879868 1.0
0.001 0.13999999999999999 -240879711996.4987 1.0
0.001 0.15 -2408797119972.5737 1.0
0.001 0.16 -24087971199733.113 1.0
0.001 0.16999999999999998 -240879711997338.2 1.0
0.001 0.18 -2408797119973389.0 1.0
0.001 0.19 -2.40879711997339e+16 1.0
0.001 0.19999999999999998 -2.40879711997339e+17 1.0
0.001 0.21 -2.4087971199733903e+18 1.0
0.001 0.22 -2.4087971199733903e+19 1.0
0.001 0.22999999999999998 -2.4087971199733904e+20 1.0
0.001 0.24 -2.4087971199733905e+21 1.0
0.001 0.25 -2.4087971199733908e+22 1.0
0.001 0.26 -2.408797119973391e+23 1.0
0.001 0.27 -2.4087971199733908e+24 1.0
0.001 0.27999999999999997 -2.408797119973391e+25 1.0
0.001 0.29 -2.4087971199733908e+26 1.0
0.001 0.3 -2.4087971199733908e+27 1.0
0.001 0.31 -2.408797119973391e+28 1.0
0.001 0.32 -2.408797119973391e+29 1.0
0.001 0.33 -2.408797119973391e+30 1.0
0.001 0.34 -2.4087971199733912e+31 1.0
0.001 0.35 -2.408797119973391e+32 1.0
0.001 0.36 -2.408797119973391e+33 1.0
0.001 0.37 -2.408797119973391e+34 1.0
0.001 0.38 -2.408797119973391e+35 1.0
0.001 0.39 -2.4087971199733912e+36 1.0
0.001 0.4 -2.408797119973391e+37 1.0
0.001 0.41 -2.4087971199733913e+38 1.0
0.001 0.42 -2.4087971199733913e+39 1.0
0.001 0.43 -2.4087971199733914e+40 1.0
0.001 0.44 -2.4087971199733913e+41 1.0
0.001 0.45 -2.4087971199733912e+42 1.0
0.001 0.46 -2.4087971199733915e+43 1.0
0.001 0.47 -2.4087971199733913e+44 1.0
0.001 0.48 -2.408797119973391e+45 1.0
0.001 0.49 -2.408797119973391e+46 1.0
0.001 0.5 -2.4087971199733914e+47 1.0
0.001 0.51 -2.4087971199733914e+48 1.0
0.001 0.52 -2.4087971199733916e+49 1.0
0.001 0.53 -2.4087971199733916e+50 1.0
0.001 0.54 -2.4087971199733918e+51 1.0
0.001 0.55 -2.408797119973392e+52 1.0
0.001 0.56 -2.408797119973392e+53 1.0
0.001 0.57 -2.4087971199733918e+54 1.0
0.001 0.58 -2.408797119973392e+55 1.0
0.001 0.59 -2.408797119973392e+56 1.0
0.001 0.6 -2.4087971199733916e+57 1.0
0.001 0.61 -2.4087971199733916e+58 1.0
0.001 0.62 -2.4087971199733915e+59 1.0
0.001 0.63 -2.4087971199733914e+60 1.0
0.001 0.64 -2.4087971199733915e+61 1.0
0.001 0.65 -2.4087971199733916e+62 1.0
0.001 0.66 -2.4087971199733915e+63 1.0
0.001 0.67 -2.4087971199733915e+64 1.0
0.001 0.68 -2.4087971199733915e+65 1.0
0.001 0.6900000000000001 -2.4087971199733917e+66 1.0
0.001 0.7 -2.4087971199733918e+67 1.0
0.001 0.71 -2.4087971199733916e+68 1.0
0.001 0.72 -2.4087971199733916e+69 1.0
0.001 0.73 -2.4087971199733916e+70 1.0
0.001 0.74 -2.4087971199733914e+71 1.0
0.001 0.75 -2.4087971199733913e+72 1.0
0.001 0.76 -2.4087971199733914e+73 1.0
0.001 0.77 -2.408797119973391e+74 1.0
0.001 0.78 -2.408797119973391e+75 1.0
0.001 0.79 -2.408797119973391e+76 1.0
0.001 0.8 -2.408797119973391e+77 1.0
0.001 0.81 -2.408797119973391e+78 1.0
0.001 0.8200000000000001 -2.4087971199733914e+79 1.0
0.001 0.83 -2.408797119973391e+80 1.0
0.001 0.84 -2.4087971199733914e+81 1.0
0.001 0.85 -2.4087971199733914e+82 1.0
0.001 0.86 -2.4087971199733914e+83 1.0
0.001 0.87 -2.4087971199733913e+84 1.0
0.001 0.88 -2.4087971199733913e+85 1.0
0.001 0.89 -2.4087971199733913e+86 1.0
0.001 0.9 -2.408797119973391e+87 1.0
0.001 0.91 -2.408797119973391e+88 1.0
0.001 0.92 -2.408797119973391e+89 1.0
0.001 0.93 -2.408797119973391e+90 1.0
0.001 0.9400000000000001 -2.4087971199733906e+91 1.0
0.001 0.95 -2.4087971199733905e+92 1.0
0.001 0.96 -2.4087971199733906e+93 1.0
0.001 0.97 -2.4087971199733906e+94 1.0
0.001 0.98 -2.4087971199733907e+95 1.0
0.001 0.99 -2.408797119973391e+96 1.0
0.001 1.0 -2.4087971199733908e+97 1.0
0.001 1.01 -0.10962799159824357 1.0
0.002 -0.01 0.0 1.0
0.002 0.0 0.0 1.0
0.002 0.01 -1.8817323864603677 1.0
0.002 0.019999999999999997 -39.286470734942476 1.0
0.002 0.03 -589.944830868496 1.0
0.002 0.04 -7853.515412483578 1.0
0.002 0.049999999999999996 -98050.27302506301 1.0
0.002 0.060000000000000005 -1175620.0108876475 1.0
0.002 0.07 -13707331.258226475 1.0
0.002 0.08 -156584575.40871987 1.0
0.002 0.09000000000000001 -1760958327.5264642 1.0
0.002 0.1 -19560708949.618073 1.0
0.002 0.11 -215118346175.47583 1.0
0.002 0.12000000000000001 -2346296028480.329 1.0
0.002 0.13 -25414085951989.56 1.0
0.002 0.13999999999999999 -273652116191687.88 1.0
0.002 0.15 -2931633728634730.5 1.0
0.002 0.16 -3.1267462953525756e+16 1.0
0.002 0.16999999999999998 -3.32185886207042e+17 1.0
0.002 0.18 -3.5169714287882644e+18 1.0
0.002 0.19 -3.71208399550611e+19 1.0
0.002 0.19999999999999998 -3.907196562223954e+20 1.0
0.002 0.21 -4.102309128941799e+21 1.0
0.002 0.22 -4.297421695659644e+22 1.0
0.002 0.22999999999999998 -4.492534262377489e+23 1.0
0.002 0.24 -4.6876468290953335e+24 1.0
0.002 0.25 -4.882759395813178e+25 1.0
0.002 0.26 -5.077871962531023e+26 1.0
0.002 0.27 -5.272984529248868e+27 1.0
0.002 0.27999999999999997 -5.468097095966713e+28 1.0
0.002 0.29 -5.663209662684558e+29 1.0
0.002 0.3 -5.858322229402402e+30 1.0
0.002 0.31 -6.053434796120246e+31 1.0
0.002 0.32 -6.2485473628380906e+32 1.0
0.002 0.33 -6.443659929555935e+33 1.0
0.002 0.34 -6.638772496273779e+34 1.0
0.002 0.35 -6.833885062991624e+35 1.0
0.002 0.36 -7.028997629709469e+36 1.0
0.002 0.37 -7.224110196427313e+37 1.0
0.002 0.38 -7.419222763145157e+38 1.0
0.002 0.39 -7.614335329863002e+39 1.0
0.002 0.4 -7.809447896580847e+40 1.0
0.002 0.41 -8.004560463298693e+41 1.0
0.002 0.42 -8.199673030016538e+42 1.0
0.002 0.43 -8.394785596734384e+43 1.0
0.002 0.44 -8.58989816345223e+44 1.0
0.002 0.45 -8.785010730170073e+45 1.0
0.002 0.46 -8.980123296887918e+46 1.0
0.002 0.47 -9.175235863605761e+47 1.0
0.002 0.48 -9.370348430323606e+48 1.0
0.002 0.49 -9.565460997041451e+49 1.0
0.002 0.5 -9.760573563759297e+50 1.0
0.002 0.51 -9.955686130477142e+51 1.0
0.002 0.52 -1.0150798697194987e+53 1.0
0.002 0.53 -1.0345911263912832e+54 1.0
0.002 0.54 -1.0541023830630677e+55 1.0
0.002 0.55 -1.0736136397348522e+56 1.0
0.002 0.56 -1.0931248964066365e+57 1.0
0.002 0.57 -1.1126361530784209e+58 1.0
0.002 0.58 -1.1321474097502051e+59 1.0
0.002 0.59 -1.1516586664219897e+60 1.0
0.002 0.6 -1.1711699230937741e+61 1.0
0.002 0.61 -1.1906811797655585e+62 1.0
0.002 0.62 -1.2101924364373429e+63 1.0
0.002 0.63 -1.2297036931091274e+64 1.0
0.002 0.64 -1.2492149497809119e+65 1.0
0.002 0.65 -1.2687262064526965e+66 1.0
0.002 0.66 -1.288237463124481e+67 1.0
0.002 0.67 -1.3077487197962655e+68 1.0
0.002 0.68 -1.32725997646805e+69 1.0
0.002 0.6900000000000001 -1.3467712331398346e+70 1.0
0.002 0.7 -1.3662824898116192e+71 1.0
0.002 0.71 -1.3857937464834036e+72 1.0
0.002 0.72 -1.4053050031551881e+73 1.0
0.002 0.73 -1.4248162598269726e+74 1.0
0.002 0.74 -1.444327516498757e+75 1.0
0.002 0.75 -1.4638387731705415e+76 1.0
0.002 0.76 -1.4833500298423261e+77 1.0
0.002 0.77 -1.5028612865141107e+78 1.0
0.002 0.78 -1.5223725431858952e+79 1.0
0.002 0.79 -1.5418837998576797e+80 1.0
0.002 0.8 -1.5613950565294642e+81 1.0
0.002 0.81 -1.5809063132012486e+82 1.0
0.002 0.8200000000000001 -1.600417569873033e+83 1.0
0.002 0.83 -1.6199288265448174e+84 1.0
0.002 0.84 -1.6394400832166016e+85 1.0
0.002 0.85 -1.6589513398883858e+86 1.0
0.002 0.86 -1.67846259656017e+87 1.0
0.002 0.87 -1.6979738532319545e+88 1.0
0.002 0.88 -1.7174851099037386e+89 1.0
0.002 0.89 -1.7369963665755231e+90 1.0
0.002 0.9 -1.7565076232473077e+91 1.0
0.002 0.91 -1.7760188799190924e+92 1.0
0.002 0.92 -1.7955301365908769e+93 1.0
0.002 0.93 -1.8150413932626612e+94 1.0
0.002 0.9400000000000001 -1.8345526499344453e+95 1.0
0.002 0.95 -1.8540639066062298e+96 1.0
0.002 0.96 -1.873575163278014e+97 1.0
0.002 0.97 -1.8930864199497985e+98 1.0
0.002 0.98 -1.912597676621583e+99 1.0
0.002 0.99 -1.9321089332933676e+100 1.0
0.002 1.0 -1.9275322187654178e+101 1.0
0.002 1.01 -0.10962799159824357 1.0
0.003 -0.01 0.0 1.0
0.003 0.0 0.0 1.0
0.003 0.01 -357.1117920066778 1.0
0.003 0.019999999999999997 -8724.12328478783 1.0
0.003 0.03 -154567.43518621268 1.0
0.003 0.04 -2376960.2892755684 1.0
0.003 0.049999999999999996 -33662847.814155966 1.0
0.003 0.060000000000000005 -451365010.5169591 1.0
0.003 0.07 -5819056565.350486 1.0
0.003 0.08 -72825041996.00383 1.0
0.003 0.09000000000000001 -890399301233.2162 1.0
0.003 0.1 -10683523004044.176 1.0
0.003 0.11 -126210941747911.02 1.0
0.003 0.12000000000000001 -1471670652457879.2 1.0
0.003 0.13 -1.697036005340787e+16 1.0
0.003 0.13999999999999999 -1.9382054761278394e+17 1.0
0.003 0.15 -2.195179064819037e+18 1.0
0.003 0.16 -2.4679567714143797e+19 1.0
0.003 0.16999999999999998 -2.7565385959138682e+20 1.0
0.003 0.18 -3.0609245383175024e+21 1.0
0.003 0.19 -3.3811145986252814e+22 1.0
0.003 0.19999999999999998 -3.7171087768372065e+23 1.0
0.003 0.21 -4.068907072953277e+24 1.0
0.003 0.22 -4.436509486973493e+25 1.0
0.003 0.22999999999999998 -4.819916018897855e+26 1.0
0.003 0.24 -5.219126668726362e+27 1.0
0.003 0.25 -5.634141436459014e+28 1.0
0.003 0.26 -6.064960322095812e+29 1.0
0.003 0.27 -6.511583325636755e+30 1.0
0.003 0.27999999999999997 -6.974010447081843e+31 1.0
0.003 0.29 -7.452241686431078e+32 1.0
0.003 0.3 -7.946277043684458e+33 1.0
0.003 0.31 -8.45611651884198e+34 1.0
0.003 0.32 -8.981760111903651e+35 1.0
0.003 0.33 -9.523207822869465e+36 1.0
0.003 0.34 -1.0080459651739424e+38 1.0
0.003 0.35 -1.065351559851353e+39 1.0
0.003 0.36 -1.124237566319178e+40 1.0
0.003 0.37 -1.1847039845774178e+41 1.0
0.003 0.38 -1.246750814626072e+42 1.0
0.003 0.39 -1.310378056465141e+43 1.0
0.003 0.4 -1.3755857100946242e+44 1.0
0.003 0.41 -1.4423737755145223e+45 1.0
0.003 0.42 -1.5107422527248346e+46 1.0
0.003 0.43 -1.5806911417255615e+47 1.0
0.003 0.44 -1.6522204425167034e+48 1.0
0.003 0.45 -1.7253301550982595e+49 1.0
0.003 0.46 -1.80002027947023e+50 1.0
0.003 0.47 -1.8762908156326148e+51 1.0
0.003 0.48 -1.9541417635854145e+52 1.0
0.003 0.49 -2.0335731233286287e+53 1.0
0.003 0.5 -2.1145848948622574e+54 1.0
0.003 0.51 -2.197177078186301e+55 1.0
0.003 0.52 -2.281349673300759e+56 1.0
0.003 0.53 -2.3671026802056312e+57 1.0
0.003 0.54 -2.4544360989009182e+58 1.0
0.003 0.55 -2.5433499293866195e+59 1.0
0.003 0.56 -2.6338441716627354e+60 1.0
0.003 0.57 -2.725918825729265e+61 1.0
0.003 0.58 -2.8195738915862105e+62 1.0
0.003 0.59 -2.9148093692335703e+63 1.0
0.003 0.6 -3.011625258671345e+64 1.0
0.003 0.61 -3.1100215598995336e+65 1.0
0.003 0.62 -3.2099982729181366e+66 1.0
0.003 0.63 -3.3115553977271546e+67 1.0
0.003 0.64 -3.414692934326587e+68 1.0
0.003 0.65 -3.519410882716434e+69 1.0
0.003 0.66 -3.625709242896695e+70 1.0
0.003 0.67 -3.733588014867371e+71 1.0
0.003 0.68 -3.8430471986284614e+72 1.0
0.003 0.6900000000000001 -3.954086794179967e+73 1.0
0.003 0.7 -4.0667068015218867e+74 1.0
0.003 0.71 -4.180907220654221e+75 1.0
0.003 0.72 -4.2966880515769685e+76 1.0
0.003 0.73 -4.4140492942901316e+77 1.0
0.003 0.74 -4.532990948793709e+78 1.0
0.003 0.75 -4.653513015087701e+79 1.0
0.003 0.76 -4.775615493172108e+80 1.0
0.003 0.77 -4.899298383046929e+81 1.0
0.003 0.78 -5.0245616847121644e+82 1.0
0.003 0.79 -5.151405398167815e+83 1.0
0.003 0.8 -5.2798295234138795e+84 1.0
0.003 0.81 -5.409834060450359e+85 1.0
0.003 0.8200000000000001 -5.541419009277253e+86 1.0
0.003 0.83 -5.674584369894562e+87 1.0
0.003 0.84 -5.809330142302285e+88 1.0
0.003 0.85 -5.945656326500423e+89 1.0
0.003 0.86 -6.083562922488975e+90 1.0
0.003 0.87 -6.2230499302679425e+91 1.0
0.003 0.88 -6.364117349837323e+92 1.0
0.003 0.89 -6.506765181197119e+93 1.0
0.003 0.9 -6.650993424347331e+94 1.0
0.003 0.91 -6.796802079287955e+95 1.0
0.003 0.92 -6.944191146018995e+96 1.0
0.003 0.93 -7.093160624540448e+97 1.0
0.003 0.9400000000000001 -7.243710514852316e+98 1.0
0.003 0.95 -7.395840816954598e+99 1.0
0.003 0.96 -7.549551530847296e+100 1.0
0.003 0.97 -7.704842656530408e+101 1.0
0.003 0.98 -7.861714194003933e+102 1.0
0.003 0.99 -8.0177573461479e+103 1.0
0.003 1.0 -7.981134233991358e+104 1.0
0.003 1.01 -0.10962799159824357 1.0
