0.0 -0.1 -0.1 0.0 1.0
0.0 -0.1 0.0 0.0 1.0
0.0 -0.1 0.1 0.0 1.0
0.0 -0.1 0.20000000000000004 0.0 1.0
0.0 -0.1 0.30000000000000004 0.0 1.0
0.0 -0.1 0.4 0.0 1.0
0.0 -0.1 0.5000000000000001 0.0 1.0
0.0 -0.1 0.6000000000000001 0.0 1.0
0.0 -0.1 0.7000000000000001 0.0 1.0
0.0 -0.1 0.8 0.0 1.0
0.0 -0.1 0.9 0.0 1.0
0.0 -0.1 1.0 0.0 1.0
0.0 -0.1 1.1 0.0 1.0
0.0 0.0 -0.1 0.0 1.0
0.0 0.0 0.0 0.0 1.0
0.0 0.0 0.1 0.0 1.0
0.0 0.0 0.20000000000000004 0.0 1.0
0.0 0.0 0.30000000000000004 0.0 1.0
0.0 0.0 0.4 0.0 1.0
0.0 0.0 0.5000000000000001 0.0 1.0
0.0 0.0 0.6000000000000001 0.0 1.0
0.0 0.0 0.7000000000000001 0.0 1.0
0.0 0.0 0.8 0.0 1.0
0.0 0.0 0.9 0.0 1.0
0.0 0.0 1.0 0.0 1.0
0.0 0.0 1.1 0.0 1.0
0.0 0.1 -0.1 0.0 1.0
0.0 0.1 0.0 0.0 1.0
0.0 0.1 0.1 0.0 1.0
0.0 0.1 0.20000000000000004 0.0 1.0
0.0 0.1 0.30000000000000004 0.0 1.0
0.0 0.1 0.4 0.0 1.0
0.0 0.1 0.5000000000000001 0.0 1.0
0.0 0.1 0.6000000000000001 0.0 1.0
0.0 0.1 0.7000000000000001 0.0 1.0
0.0 0.1 0.8 0.0 1.0
0.0 0.1 0.9 0.0 1.0
0.0 0.1 1.0 0.0 1.0
0.0 0.1 1.1 0.0 1.0
0.0 0.20000000000000004 -0.1 0.0 1.0
0.0 0.20000000000000004 0.0 0.0 1.0
0.0 0.20000000000000004 0.1 0.0 1.0
0.0 0.20000000000000004 0.20000000000000004 3.5 1.0
0.0 0.20000000000000004 0.30000000000000004 0.0 1.0
0.0 0.20000000000000004 0.4 0.0 1.0
0.0 0.20000000000000004 0.5000000000000001 0.0 1.0
0.0 0.20000000000000004 0.6000000000000001 0.0 1.0
0.0 0.20000000000000004 0.7000000000000001 0.0 1.0
0.0 0.20000000000000004 0.8 6.0 1.0
0.0 0.20000000000000004 0.9 0.0 1.0
0.0 0.20000000000000004 1.0 0.0 1.0
0.0 0.20000000000000004 1.1 0.0 1.0
0.0 0.30000000000000004 -0.1 0.0 1.0
0.0 0.30000000000000004 0.0 0.0 1.0
0.0 0.30000000000000004 0.1 0.0 1.0
0.0 0.30000000000000004 0.20000000000000004 0.0 1.0
0.0 0.30000000000000004 0.30000000000000004 0.0 1.0
0.0 0.30000000000000004 0.4 0.0 1.0
0.0 0.30000000000000004 0.5000000000000001 0.0 1.0
0.0 0.30000000000000004 0.6000000000000001 0.0 1.0
0.0 0.30000000000000004 0.7000000000000001 0.0 1.0
0.0 0.30000000000000004 0.8 0.0 1.0
0.0 0.30000000000000004 0.9 0.0 1.0
0.0 0.30000000000000004 1.0 0.0 1.0
0.0 0.30000000000000004 1.1 0.0 1.0
0.0 0.4 -0.1 0.0 1.0
0.0 0.4 0.0 0.0 1.0
0.0 0.4 0.1 0.0 1.0
0.0 0.4 0.20000000000000004 0.0 1.0
0.0 0.4 0.30000000000000004 0.0 1.0
0.0 0.4 0.4 0.0 1.0
0.0 0.4 0.5000000000000001 0.0 1.0
0.0 0.4 0.6000000000000001 0.0 1.0
0.0 0.4 0.7000000000000001 0.0 1.0
0.0 0.4 0.8 0.0 1.0
0.0 0.4 0.9 0.0 1.0
0.0 0.4 1.0 0.0 1.0
0.0 0.4 1.1 0.0 1.0
0.0 0.5000000000000001 -0.1 0.0 1.0
0.0 0.5000000000000001 0.0 0.0 1.0
0.0 0.5000000000000001 0.1 0.0 1.0
0.0 0.5000000000000001 0.20000000000000004 0.0 1.0
0.0 0.5000000000000001 0.30000000000000004 0.0 1.0
0.0 0.5000000000000001 0.4 0.0 1.0
0.0 0.5000000000000001 0.5000000000000001 0.0 1.0
0.0 0.5000000000000001 0.6000000000000001 0.0 1.0
0.0 0.5000000000000001 0.7000000000000001 0.0 1.0
0.0 0.5000000000000001 0.8 0.0 1.0
0.0 0.5000000000000001 0.9 0.0 1.0
0.0 0.5000000000000001 1.0 0.0 1.0
0.0 0.5000000000000001 1.1 0.0 1.0
0.0 0.6000000000000001 -0.1 0.0 1.0
0.0 0.6000000000000001 0.0 0.0 1.0
0.0 0.6000000000000001 0.1 0.0 1.0
0.0 0.6000000000000001 0.20000000000000004 0.0 1.0
0.0 0.6000000000000001 0.30000000000000004 0.0 1.0
0.0 0.6000000000000001 0.4 0.0 1.0
0.0 0.6000000000000001 0.5000000000000001 0.0 1.0
0.0 0.6000000000000001 0.6000000000000001 0.0 1.0
0.0 0.6000000000000001 0.7000000000000001 0.0 1.0
0.0 0.6000000000000001 0.8 0.0 1.0
0.0 0.6000000000000001 0.9 0.0 1.0
0.0 0.6000000000000001 1.0 0.0 1.0
0.0 0.6000000000000001 1.1 0.0 1.0
0.0 0.7000000000000001 -0.1 0.0 1.0
0.0 0.7000000000000001 0.0 0.0 1.0
0.0 0.7000000000000001 0.1 0.0 1.0
0.0 0.7000000000000001 0.20000000000000004 0.0 1.0
0.0 0.7000000000000001 0.30000000000000004 0.0 1.0
0.0 0.7000000000000001 0.4 0.0 1.0
0.0 0.7000000000000001 0.5000000000000001 0.0 1.0
0.0 0.7000000000000001 0.6000000000000001 0.0 1.0
0.0 0.7000000000000001 0.7000000000000001 0.0 1.0
0.0 0.7000000000000001 0.8 0.0 1.0
0.0 0.7000000000000001 0.9 0.0 1.0
0.0 0.7000000000000001 1.0 0.0 1.0
0.0 0.7000000000000001 1.1 0.0 1.0
0.0 0.8 -0.1 0.0 1.0
0.0 0.8 0.0 0.0 1.0
0.0 0.8 0.1 0.0 1.0
0.0 0.8 0.20000000000000004 4.0 1.0
0.0 0.8 0.30000000000000004 0.0 1.0
0.0 0.8 0.4 0.0 1.0
0.0 0.8 0.5000000000000001 0.0 1.0
0.0 0.8 0.6000000000000001 0.0 1.0
0.0 0.8 0.7000000000000001 0.0 1.0
0.0 0.8 0.8 8.0 1.0
0.0 0.8 0.9 0.0 1.0
0.0 0.8 1.0 0.0 1.0
0.0 0.8 1.1 0.0 1.0
0.0 0.9 -0.1 0.0 1.0
0.0 0.9 0.0 0.0 1.0
0.0 0.9 0.1 0.0 1.0
0.0 0.9 0.20000000000000004 0.0 1.0
0.0 0.9 0.30000000000000004 0.0 1.0
0.0 0.9 0.4 0.0 1.0
0.0 0.9 0.5000000000000001 0.0 1.0
0.0 0.9 0.6000000000000001 0.0 1.0
0.0 0.9 0.7000000000000001 0.0 1.0
0.0 0.9 0.8 0.0 1.0
0.0 0.9 0.9 0.0 1.0
0.0 0.9 1.0 0.0 1.0
0.0 0.9 1.1 0.0 1.0
0.0 1.0 -0.1 0.0 1.0
0.0 1.0 0.0 0.0 1.0
0.0 1.0 0.1 0.0 1.0
0.0 1.0 0.20000000000000004 0.0 1.0
0.0 1.0 0.30000000000000004 0.0 1.0
0.0 1.0 0.4 0.0 1.0
0.0 1.0 0.5000000000000001 0.0 1.0
0.0 1.0 0.6000000000000001 0.0 1.0
0.0 1.0 0.7000000000000001 0.0 1.0
0.0 1.0 0.8 0.0 1.0
0.0 1.0 0.9 0.0 1.0
0.0 1.0 1.0 0.0 1.0
0.0 1.0 1.1 0.0 1.0
0.0 1.1 -0.1 0.0 1.0
0.0 1.1 0.0 0.0 1.0
0.0 1.1 0.1 0.0 1.0
0.0 1.1 0.20000000000000004 0.0 1.0
0.0 1.1 0.30000000000000004 0.0 1.0
0.0 1.1 0.4 0.0 1.0
0.0 1.1 0.5000000000000001 0.0 1.0
0.0 1.1 0.6000000000000001 0.0 1.0
0.0 1.1 0.7000000000000001 0.0 1.0
0.0 1.1 0.8 0.0 1.0
0.0 1.1 0.9 0.0 1.0
0.0 1.1 1.0 0.0 1.0
0.0 1.1 1.1 0.0 1.0
0.5 -0.1 -0.1 6.074673912174363 1.0
0.5 -0.1 0.0 5.515141462778619 1.0
0.5 -0.1 0.1 5.01035364561764 1.0
0.5 -0.1 0.20000000000000004 4.631555233051896 1.0
0.5 -0.1 0.30000000000000004 4.814622573642964 1.0
0.5 -0.1 0.4 5.1083680190392124 1.0
0.5 -0.1 0.5000000000000001 5.440136286209414 1.0
0.5 -0.1 0.6000000000000001 5.809738290371516 1.0
0.5 -0.1 0.7000000000000001 6.222095878381311 1.0
0.5 -0.1 0.8 6.57922722261577 1.0
0.5 -0.1 0.9 6.074687617806053 1.0
0.5 -0.1 1.0 5.515141462778619 1.0
0.5 -0.1 1.1 5.0103399399859505 1.0
0.5 0.0 -0.1 5.7603729646891315 1.0
0.5 0.0 0.0 5.361492952347234 1.0
0.5 0.0 0.1 4.96337058347996 1.0
0.5 0.0 0.20000000000000004 4.702433183270886 1.0
0.5 0.0 0.30000000000000004 4.807155335540317 1.0
0.5 0.0 0.4 5.058864383488728 1.0
0.5 0.0 0.5000000000000001 5.353524514781293 1.0
0.5 0.0 0.6000000000000001 5.6508290656318625 1.0
0.5 0.0 0.7000000000000001 5.90940990225685 1.0
0.5 0.0 0.8 6.021313864599754 1.0
0.5 0.0 0.9 5.7603729646891315 1.0
0.5 0.0 1.0 5.361492952347234 1.0
0.5 0.0 1.1 4.96337058347996 1.0
0.5 0.1 -0.1 5.585470212850843 1.0
0.5 0.1 0.0 5.208602085390474 1.0
0.5 0.1 0.1 4.780675341531337 1.0
0.5 0.1 0.20000000000000004 4.4091241734931925 1.0
0.5 0.1 0.30000000000000004 4.654576639494424 1.0
0.5 0.1 0.4 4.9686705577395305 1.0
0.5 0.1 0.5000000000000001 5.266677548892639 1.0
0.5 0.1 0.6000000000000001 5.532904448263372 1.0
0.5 0.1 0.7000000000000001 5.745276238150414 1.0
0.5 0.1 0.8 5.8377179613192505 1.0
0.5 0.1 0.9 5.585470212850843 1.0
0.5 0.1 1.0 5.208602085390474 1.0
0.5 0.1 1.1 4.780675341531337 1.0
0.5 0.20000000000000004 -0.1 5.53655686560782 1.0
0.5 0.20000000000000004 0.0 5.10824262367977 1.0
0.5 0.20000000000000004 0.1 4.542973549364939 1.0
0.5 0.20000000000000004 0.20000000000000004 3.5 1.0
0.5 0.20000000000000004 0.30000000000000004 4.435135425948988 1.0
0.5 0.20000000000000004 0.4 4.896816294913541 1.0
0.5 0.20000000000000004 0.5000000000000001 5.214033092493368 1.0
0.5 0.20000000000000004 0.6000000000000001 5.471087576209923 1.0
0.5 0.20000000000000004 0.7000000000000001 5.702851575506712 1.0
0.5 0.20000000000000004 0.8 6.0 1.0
0.5 0.20000000000000004 0.9 5.53655686560782 1.0
0.5 0.20000000000000004 1.0 5.10824262367977 1.0
0.5 0.20000000000000004 1.1 4.542973549364939 1.0
0.5 0.30000000000000004 -0.1 5.45370309622464 1.0
0.5 0.30000000000000004 0.0 5.146310586837713 1.0
0.5 0.30000000000000004 0.1 4.7841647025725464 1.0
0.5 0.30000000000000004 0.20000000000000004 4.4523872398622215 1.0
0.5 0.30000000000000004 0.30000000000000004 4.690748394837939 1.0
0.5 0.30000000000000004 0.4 4.971721689470947 1.0
0.5 0.30000000000000004 0.5000000000000001 5.224054365339357 1.0
0.5 0.30000000000000004 0.6000000000000001 5.436856774575072 1.0
0.5 0.30000000000000004 0.7000000000000001 5.596642113116649 1.0
0.5 0.30000000000000004 0.8 5.664034994201936 1.0
0.5 0.30000000000000004 0.9 5.45370309622464 1.0
0.5 0.30000000000000004 1.0 5.146310586837713 1.0
0.5 0.30000000000000004 1.1 4.7841647025725464 1.0
0.5 0.4 -0.1 5.469688872995598 1.0
0.5 0.4 0.0 5.241007362609697 1.0
0.5 0.4 0.1 4.996766368969655 1.0
0.5 0.4 0.20000000000000004 4.836235487488334 1.0
0.5 0.4 0.30000000000000004 4.9058937513141885 1.0
0.5 0.4 0.4 5.077836840061148 1.0
0.5 0.4 0.5000000000000001 5.276325131265272 1.0
0.5 0.4 0.6000000000000001 5.4582121809027795 1.0
0.5 0.4 0.7000000000000001 5.584969635427781 1.0
0.5 0.4 0.8 5.607394392916639 1.0
0.5 0.4 0.9 5.469688872995598 1.0
0.5 0.4 1.0 5.241007362609697 1.0
0.5 0.4 1.1 4.996766368969655 1.0
0.5 0.5000000000000001 -0.1 5.578903276062833 1.0
0.5 0.5000000000000001 0.0 5.353524514781294 1.0
0.5 0.5000000000000001 0.1 5.127910559039222 1.0
0.5 0.5000000000000001 0.20000000000000004 4.992190175805877 1.0
0.5 0.5000000000000001 0.30000000000000004 5.021323420137471 1.0
0.5 0.5000000000000001 0.4 5.160235779219405 1.0
0.5 0.5000000000000001 0.5000000000000001 5.348127298538383 1.0
0.5 0.5000000000000001 0.6000000000000001 5.537526173368477 1.0
0.5 0.5000000000000001 0.7000000000000001 5.680198992043601 1.0
0.5 0.5000000000000001 0.8 5.713179655040229 1.0
0.5 0.5000000000000001 0.9 5.578903276062833 1.0
0.5 0.5000000000000001 1.0 5.353524514781294 1.0
0.5 0.5000000000000001 1.1 5.127910559039222 1.0
0.5 0.6000000000000001 -0.1 5.781642479141392 1.0
0.5 0.6000000000000001 0.0 5.468686086510898 1.0
0.5 0.6000000000000001 0.1 5.1715835943069886 1.0
0.5 0.6000000000000001 0.20000000000000004 4.985794651940331 1.0
0.5 0.6000000000000001 0.30000000000000004 5.029693200657515 1.0
0.5 0.6000000000000001 0.4 5.196585717921108 1.0
0.5 0.6000000000000001 0.5000000000000001 5.421436821322609 1.0
0.5 0.6000000000000001 0.6000000000000001 5.6664963817699165 1.0
0.5 0.6000000000000001 0.7000000000000001 5.887839730785461 1.0
0.5 0.6000000000000001 0.8 5.9887253745201265 1.0
0.5 0.6000000000000001 0.9 5.781642479141392 1.0
0.5 0.6000000000000001 1.0 5.468686086510898 1.0
0.5 0.6000000000000001 1.1 5.1715835943069886 1.0
0.5 0.7000000000000001 -0.1 6.09250781530319 1.0
0.5 0.7000000000000001 0.0 5.570254650959456 1.0
0.5 0.7000000000000001 0.1 5.10619571556874 1.0
0.5 0.7000000000000001 0.20000000000000004 4.752007222989607 1.0
0.5 0.7000000000000001 0.30000000000000004 4.917638149899366 1.0
0.5 0.7000000000000001 0.4 5.17780606151022 1.0
0.5 0.7000000000000001 0.5000000000000001 5.477468046841715 1.0
0.5 0.7000000000000001 0.6000000000000001 5.822011792628701 1.0
0.5 0.7000000000000001 0.7000000000000001 6.218507312076831 1.0
0.5 0.7000000000000001 0.8 6.574535219112471 1.0
0.5 0.7000000000000001 0.9 6.09250781530319 1.0
0.5 0.7000000000000001 1.0 5.570254650959456 1.0
0.5 0.7000000000000001 1.1 5.10619571556874 1.0
0.5 0.8 -0.1 6.445377846744024 1.0
0.5 0.8 0.0 5.615504424190875 1.0
0.5 0.8 0.1 4.932716328763326 1.0
0.5 0.8 0.20000000000000004 4.0 1.0
0.5 0.8 0.30000000000000004 4.713190641684832 1.0
0.5 0.8 0.4 5.122101468647044 1.0
0.5 0.8 0.5000000000000001 5.491336738352734 1.0
0.5 0.8 0.6000000000000001 5.928144567094919 1.0
0.5 0.8 0.7000000000000001 6.591787033025707 1.0
0.5 0.8 0.8 8.0 1.0
0.5 0.8 0.9 6.445377846744024 1.0
0.5 0.8 1.0 5.615504424190875 1.0
0.5 0.8 1.1 4.932716328763326 1.0
0.5 0.9 -0.1 6.074687617806053 1.0
0.5 0.9 0.0 5.515141462778619 1.0
0.5 0.9 0.1 5.01035364561764 1.0
0.5 0.9 0.20000000000000004 4.631555233051896 1.0
0.5 0.9 0.30000000000000004 4.814622573642964 1.0
0.5 0.9 0.4 5.1083680190392124 1.0
0.5 0.9 0.5000000000000001 5.440136286209414 1.0
0.5 0.9 0.6000000000000001 5.809738290371516 1.0
0.5 0.9 0.7000000000000001 6.222095878381311 1.0
0.5 0.9 0.8 6.57922722261577 1.0
0.5 0.9 0.9 6.074687617806053 1.0
0.5 0.9 1.0 5.515141462778619 1.0
0.5 0.9 1.1 5.01035364561764 1.0
0.5 1.0 -0.1 5.7603729646891315 1.0
0.5 1.0 0.0 5.361492952347234 1.0
0.5 1.0 0.1 4.96337058347996 1.0
0.5 1.0 0.20000000000000004 4.702433183270886 1.0
0.5 1.0 0.30000000000000004 4.807155335540317 1.0
0.5 1.0 0.4 5.058864383488728 1.0
0.5 1.0 0.5000000000000001 5.353524514781293 1.0
0.5 1.0 0.6000000000000001 5.6508290656318625 1.0
0.5 1.0 0.7000000000000001 5.90940990225685 1.0
0.5 1.0 0.8 6.021313864599754 1.0
0.5 1.0 0.9 5.7603729646891315 1.0
0.5 1.0 1.0 5.361492952347234 1.0
0.5 1.0 1.1 4.96337058347996 1.0
0.5 1.1 -0.1 5.585470212850843 1.0
0.5 1.1 0.0 5.208602085390474 1.0
0.5 1.1 0.1 4.780675341531337 1.0
0.5 1.1 0.20000000000000004 4.4091241734931925 1.0
0.5 1.1 0.30000000000000004 4.654576639494424 1.0
0.5 1.1 0.4 4.9686705577395305 1.0
0.5 1.1 0.5000000000000001 5.266677548892639 1.0
0.5 1.1 0.6000000000000001 5.532904448263372 1.0
0.5 1.1 0.7000000000000001 5.745276238150414 1.0
0.5 1.1 0.8 5.8377179613192505 1.0
0.5 1.1 0.9 5.585470212850843 1.0
0.5 1.1 1.0 5.208602085390474 1.0
0.5 1.1 1.1 4.780675341531337 1.0
1.0 -0.1 -0.1 6.086846292992924 1.0
1.0 -0.1 0.0 5.528221740250855 1.0
1.0 -0.1 0.1 5.0225123708616595 1.0
1.0 -0.1 0.20000000000000004 4.642110393323563 1.0
1.0 -0.1 0.30000000000000004 4.830421825820161 1.0
1.0 -0.1 0.4 5.128374352857542 1.0
1.0 -0.1 0.5000000000000001 5.461650503871974 1.0
1.0 -0.1 0.6000000000000001 5.829744624190104 1.0
1.0 -0.1 0.7000000000000001 6.237895130558856 1.0
1.0 -0.1 0.8 6.589782382887669 1.0
1.0 -0.1 0.9 6.0868463430502295 1.0
1.0 -0.1 1.0 5.528221740250855 1.0
1.0 -0.1 1.1 5.022512320804354 1.0
1.0 0.0 -0.1 5.773453242161423 1.0
1.0 0.0 0.0 5.374950667979878 1.0
1.0 0.0 0.1 4.976450860952076 1.0
1.0 0.0 0.20000000000000004 4.715511717282526 1.0
1.0 0.0 0.30000000000000004 4.823811659463816 1.0
1.0 0.0 0.4 5.078944052774136 1.0
1.0 0.0 0.5000000000000001 5.374921564716147 1.0
1.0 0.0 0.6000000000000001 5.670908734917525 1.0
1.0 0.0 0.7000000000000001 5.926066226180711 1.0
1.0 0.0 0.8 6.034392398611686 1.0
1.0 0.0 0.9 5.773453242161423 1.0
1.0 0.0 1.0 5.374950667979878 1.0
1.0 0.0 1.1 4.976450860952076 1.0
1.0 0.1 -0.1 5.597628938094962 1.0
1.0 0.1 0.0 5.221682362862643 1.0
1.0 0.1 0.1 4.792834066775299 1.0
1.0 0.1 0.20000000000000004 4.41967933376481 1.0
1.0 0.1 0.30000000000000004 4.670375891671508 1.0
1.0 0.1 0.4 4.9886768915576996 1.0
1.0 0.1 0.5000000000000001 5.2881917665550215 1.0
1.0 0.1 0.6000000000000001 5.552910782081798 1.0
1.0 0.1 0.7000000000000001 5.761075490327846 1.0
1.0 0.1 0.8 5.8482731215911 1.0
1.0 0.1 0.9 5.597628938094962 1.0
1.0 0.1 1.0 5.221682362862643 1.0
1.0 0.1 1.1 4.792834066775299 1.0
1.0 0.20000000000000004 -0.1 5.547112025879599 1.0
1.0 0.20000000000000004 0.0 5.121321157691499 1.0
1.0 0.20000000000000004 0.1 4.553528709636588 1.0
1.0 0.20000000000000004 0.20000000000000004 3.5 1.0
1.0 0.20000000000000004 0.30000000000000004 4.449342179133374 1.0
1.0 0.20000000000000004 0.4 4.917204082570582 1.0
1.0 0.20000000000000004 0.5000000000000001 5.236266675302221 1.0
1.0 0.20000000000000004 0.6000000000000001 5.491475363867251 1.0
1.0 0.20000000000000004 0.7000000000000001 5.717058328691441 1.0
1.0 0.20000000000000004 0.8 6.0 1.0
1.0 0.20000000000000004 0.9 5.547112025879599 1.0
1.0 0.20000000000000004 1.0 5.121321157691499 1.0
1.0 0.20000000000000004 1.1 4.553528709636588 1.0
1.0 0.30000000000000004 -0.1 5.469502348402031 1.0
1.0 0.30000000000000004 0.0 5.162966910761323 1.0
1.0 0.30000000000000004 0.1 4.799963954749648 1.0
1.0 0.30000000000000004 0.20000000000000004 4.466593993046576 1.0
1.0 0.30000000000000004 0.30000000000000004 4.709794584630978 1.0
1.0 0.30000000000000004 0.4 4.994538968497419 1.0
1.0 0.30000000000000004 0.5000000000000001 5.248204631483295 1.0
1.0 0.30000000000000004 0.6000000000000001 5.459674053601927 1.0
1.0 0.30000000000000004 0.7000000000000001 5.615688302910241 1.0
1.0 0.30000000000000004 0.8 5.678241747386735 1.0
1.0 0.30000000000000004 0.9 5.469502348402031 1.0
1.0 0.30000000000000004 1.0 5.162966910761323 1.0
1.0 0.30000000000000004 1.1 4.799963954749648 1.0
1.0 0.4 -0.1 5.489695206814134 1.0
1.0 0.4 0.0 5.261087031895178 1.0
1.0 0.4 0.1 5.016772702787772 1.0
1.0 0.4 0.20000000000000004 4.856623275145253 1.0
1.0 0.4 0.30000000000000004 4.928711030340554 1.0
1.0 0.4 0.4 5.102961958609504 1.0
1.0 0.4 0.5000000000000001 5.302348760009664 1.0
1.0 0.4 0.6000000000000001 5.483337299451605 1.0
1.0 0.4 0.7000000000000001 5.607786914454873 1.0
1.0 0.4 0.8 5.6277821805742425 1.0
1.0 0.4 0.9 5.489695206814134 1.0
1.0 0.4 1.0 5.261087031895178 1.0
1.0 0.4 1.1 5.016772702787772 1.0
1.0 0.5000000000000001 -0.1 5.600417493725535 1.0
1.0 0.5000000000000001 0.0 5.374921564716146 1.0
1.0 0.5000000000000001 0.1 5.149424776701459 1.0
1.0 0.5000000000000001 0.20000000000000004 5.014423758614492 1.0
1.0 0.5000000000000001 0.30000000000000004 5.045473686281165 1.0
1.0 0.5000000000000001 0.4 5.18625940796364 1.0
1.0 0.5000000000000001 0.5000000000000001 5.3749018523679855 1.0
1.0 0.5000000000000001 0.6000000000000001 5.563549802113217 1.0
1.0 0.5000000000000001 0.7000000000000001 5.704349258188087 1.0
1.0 0.5000000000000001 0.8 5.7354132378496105 1.0
1.0 0.5000000000000001 0.9 5.600417493725535 1.0
1.0 0.5000000000000001 1.0 5.374921564716146 1.0
1.0 0.5000000000000001 1.1 5.149424776701459 1.0
1.0 0.6000000000000001 -0.1 5.801648812960031 1.0
1.0 0.6000000000000001 0.0 5.488765755796481 1.0
1.0 0.6000000000000001 0.1 5.191589928125206 1.0
1.0 0.6000000000000001 0.20000000000000004 5.006182439597358 1.0
1.0 0.6000000000000001 0.30000000000000004 5.052510479684024 1.0
1.0 0.6000000000000001 0.4 5.221710836469642 1.0
1.0 0.6000000000000001 0.5000000000000001 5.447460450067192 1.0
1.0 0.6000000000000001 0.6000000000000001 5.69162150031892 1.0
1.0 0.6000000000000001 0.7000000000000001 5.910657009812699 1.0
1.0 0.6000000000000001 0.8 6.009113162177841 1.0
1.0 0.6000000000000001 0.9 5.801648812960031 1.0
1.0 0.6000000000000001 1.0 5.488765755796481 1.0
1.0 0.6000000000000001 1.1 5.191589928125206 1.0
1.0 0.7000000000000001 -0.1 6.108307067480717 1.0
1.0 0.7000000000000001 0.0 5.586910974883205 1.0
1.0 0.7000000000000001 0.1 5.121994967745976 1.0
1.0 0.7000000000000001 0.20000000000000004 4.766213976174094 1.0
1.0 0.7000000000000001 0.30000000000000004 4.936684339692617 1.0
1.0 0.7000000000000001 0.4 5.2006233405369695 1.0
1.0 0.7000000000000001 0.5000000000000001 5.501618312985957 1.0
1.0 0.7000000000000001 0.6000000000000001 5.844829071655834 1.0
1.0 0.7000000000000001 0.7000000000000001 6.237553501870633 1.0
1.0 0.7000000000000001 0.8 6.588741972297404 1.0
1.0 0.7000000000000001 0.9 6.108307067480717 1.0
1.0 0.7000000000000001 1.0 5.586910974883205 1.0
1.0 0.7000000000000001 1.1 5.121994967745976 1.0
1.0 0.8 -0.1 6.455933007015891 1.0
1.0 0.8 0.0 5.628582958202714 1.0
1.0 0.8 0.1 4.943271489035063 1.0
1.0 0.8 0.20000000000000004 4.0 1.0
1.0 0.8 0.30000000000000004 4.727397394869388 1.0
1.0 0.8 0.4 5.14248925630435 1.0
1.0 0.8 0.5000000000000001 5.513570321161882 1.0
1.0 0.8 0.6000000000000001 5.948532354752511 1.0
1.0 0.8 0.7000000000000001 6.605993786210607 1.0
1.0 0.8 0.8 8.0 1.0
1.0 0.8 0.9 6.455933007015891 1.0
1.0 0.8 1.0 5.628582958202714 1.0
1.0 0.8 1.1 4.943271489035063 1.0
1.0 0.9 -0.1 6.0868463430502295 1.0
1.0 0.9 0.0 5.528221740250855 1.0
1.0 0.9 0.1 5.0225123708616595 1.0
1.0 0.9 0.20000000000000004 4.642110393323563 1.0
1.0 0.9 0.30000000000000004 4.830421825820161 1.0
1.0 0.9 0.4 5.128374352857542 1.0
1.0 0.9 0.5000000000000001 5.461650503871974 1.0
1.0 0.9 0.6000000000000001 5.829744624190104 1.0
1.0 0.9 0.7000000000000001 6.237895130558856 1.0
1.0 0.9 0.8 6.589782382887669 1.0
1.0 0.9 0.9 6.0868463430502295 1.0
1.0 0.9 1.0 5.528221740250855 1.0
1.0 0.9 1.1 5.0225123708616595 1.0
1.0 1.0 -0.1 5.773453242161423 1.0
1.0 1.0 0.0 5.374950667979878 1.0
1.0 1.0 0.1 4.976450860952076 1.0
1.0 1.0 0.20000000000000004 4.715511717282526 1.0
1.0 1.0 0.30000000000000004 4.823811659463816 1.0
1.0 1.0 0.4 5.078944052774136 1.0
1.0 1.0 0.5000000000000001 5.374921564716147 1.0
1.0 1.0 0.6000000000000001 5.670908734917525 1.0
1.0 1.0 0.7000000000000001 5.926066226180711 1.0
1.0 1.0 0.8 6.034392398611686 1.0
1.0 1.0 0.9 5.773453242161423 1.0
1.0 1.0 1.0 5.374950667979878 1.0
1.0 1.0 1.1 4.976450860952076 1.0
1.0 1.1 -0.1 5.597628938094962 1.0
1.0 1.1 0.0 5.221682362862643 1.0
1.0 1.1 0.1 4.792834066775299 1.0
1.0 1.1 0.20000000000000004 4.41967933376481 1.0
1.0 1.1 0.30000000000000004 4.670375891671508 1.0
1.0 1.1 0.4 4.9886768915576996 1.0
1.0 1.1 0.5000000000000001 5.2881917665550215 1.0
1.0 1.1 0.6000000000000001 5.552910782081798 1.0
1.0 1.1 0.7000000000000001 5.761075490327846 1.0
1.0 1.1 0.8 5.8482731215911 1.0
1.0 1.1 0.9 5.597628938094962 1.0
1.0 1.1 1.0 5.221682362862643 1.0
1.0 1.1 1.1 4.792834066775299 1.0
