0.0 -4e-05 0 5.89502319981751e-06
0.0 0.0 0 5.89502319981751e-06
0.0 4e-05 0 5.89502319981751e-06
0.0 8.000000000000002e-05 0 5.89502319981751e-06
0.0 0.00012000000000000002 0 5.89502319981751e-06
0.0 0.00016 0 5.89502319981751e-06
0.0 0.00020000000000000004 0 5.89502319981751e-06
0.0 0.00024000000000000003 0 5.89502319981751e-06
0.0 0.00028000000000000003 0 5.89502319981751e-06
0.0 0.00032 0 5.89502319981751e-06
0.0 0.00036 0 5.89502319981751e-06
0.0 0.0004 0 5.89502319981751e-06
0.0 0.00044000000000000007 0 5.89502319981751e-06
0.0 0.00048000000000000007 0 5.89502319981751e-06
0.0 0.0005200000000000001 0 5.89502319981751e-06
0.0 0.0005600000000000001 0 5.89502319981751e-06
0.0 0.0006000000000000001 0 5.89502319981751e-06
0.0 0.00064 0 5.89502319981751e-06
0.0 0.00068 0 5.89502319981751e-06
0.0 0.00072 0 5.89502319981751e-06
0.0 0.00076 0 5.89502319981751e-06
0.0 0.0008 0 5.89502319981751e-06
0.0 0.00084 0 5.89502319981751e-06
0.0 0.00088 0 5.89502319981751e-06
0.0 0.0009200000000000001 0 5.89502319981751e-06
0.0 0.00096 0 5.89502319981751e-06
0.0 0.001 0 5.89502319981751e-06
0.0 0.00104 0 5.89502319981751e-06
0.0 0.00108 0 5.89502319981751e-06
0.0 0.00112 0 5.89502319981751e-06
0.0 0.00116 0 5.89502319981751e-06
0.0 0.0012 0 5.89502319981751e-06
0.0 0.00124 0 5.89502319981751e-06
0.0 0.00128 0 5.89502319981751e-06
0.0 0.00132 0 5.89502319981751e-06
0.0 0.00136 0 5.89502319981751e-06
0.0 0.0014 0 5.89502319981751e-06
0.0 0.00144 0 5.89502319981751e-06
0.0 0.00148 0 5.89502319981751e-06
0.0 0.00152 0 5.89502319981751e-06
0.0 0.00156 0 5.89502319981751e-06
0.0 0.0016 0 5.89502319981751e-06
0.0 0.00164 0 5.89502319981751e-06
0.0 0.00168 0 5.89502319981751e-06
0.0 0.00172 0 5.89502319981751e-06
0.0 0.00176 0 5.89502319981751e-06
0.0 0.0018 0 5.89502319981751e-06
0.0 0.00184 0 5.89502319981751e-06
0.0 0.0018800000000000002 0 5.89502319981751e-06
0.0 0.0019200000000000003 0 5.89502319981751e-06
0.0 0.00196 0 5.89502319981751e-06
0.0 0.002 0 3.1486146095717885e-06
0.0 0.00204 0 3.1486146095717885e-06
0.0 0.0020800000000000003 0 3.1486146095717885e-06
0.0 0.00212 0 3.1486146095717885e-06
0.0 0.00216 0 3.1486146095717885e-06
0.0 0.0022 0 3.1486146095717885e-06
0.0 0.0022400000000000002 0 3.1486146095717885e-06
0.0 0.00228 0 3.1486146095717885e-06
0.0 0.00232 0 3.1486146095717885e-06
0.0 0.00236 0 3.1486146095717885e-06
0.0 0.0024000000000000002 0 3.1486146095717885e-06
0.0 0.00244 0 3.1486146095717885e-06
0.0 0.00248 0 3.1486146095717885e-06
0.0 0.00252 0 3.1486146095717885e-06
0.0 0.00256 0 3.1486146095717885e-06
0.0 0.0026000000000000003 0 3.1486146095717885e-06
0.0 0.00264 0 3.1486146095717885e-06
0.0 0.00268 0 3.1486146095717885e-06
0.0 0.00272 0 3.1486146095717885e-06
0.0 0.0027600000000000003 0 3.1486146095717885e-06
0.0 0.0028 0 3.1486146095717885e-06
0.0 0.00284 0 3.1486146095717885e-06
0.0 0.00288 0 3.1486146095717885e-06
0.0 0.0029200000000000003 0 3.1486146095717885e-06
0.0 0.00296 0 3.1486146095717885e-06
0.0 0.003 0 3.1486146095717885e-06
0.0 0.00304 0 3.1486146095717885e-06
0.0 0.0030800000000000003 0 3.1486146095717885e-06
0.0 0.00312 0 3.1486146095717885e-06
0.0 0.00316 0 3.1486146095717885e-06
0.0 0.0032 0 3.1486146095717885e-06
0.0 0.0032400000000000003 0 3.1486146095717885e-06
0.0 0.0032800000000000004 0 3.1486146095717885e-06
0.0 0.00332 0 3.1486146095717885e-06
0.0 0.00336 0 3.1486146095717885e-06
0.0 0.0034000000000000002 0 3.1486146095717885e-06
0.0 0.0034400000000000003 0 3.1486146095717885e-06
0.0 0.00348 0 3.1486146095717885e-06
0.0 0.00352 0 3.1486146095717885e-06
0.0 0.0035600000000000002 0 3.1486146095717885e-06
0.0 0.0036000000000000003 0 3.1486146095717885e-06
0.0 0.00364 0 3.1486146095717885e-06
0.0 0.00368 0 3.1486146095717885e-06
0.0 0.00372 0 3.1486146095717885e-06
0.0 0.0037600000000000003 0 3.1486146095717885e-06
0.0 0.0038000000000000004 0 3.1486146095717885e-06
0.0 0.00384 0 3.1486146095717885e-06
0.0 0.0038800000000000006 0 3.1486146095717885e-06
0.0 0.00392 0 3.1486146095717885e-06
0.0 0.00396 0 3.1486146095717885e-06
0.0 0.004 0 3.1486146095717885e-06
0.0 0.00404 0 3.1486146095717885e-06
0.1 -4e-05 500.0 4.412579833558614e-06
0.1 0.0 500.0 4.412579833558614e-06
0.1 4e-05 484.378683473257 4.443852663435484e-06
0.1 8.000000000000002e-05 468.78514553669953 4.475730169199833e-06
0.1 0.00012000000000000002 453.2466145651558 4.508172448367093e-06
0.1 0.00016 437.78962093169537 4.5411368315087906e-06
0.1 0.00020000000000000004 422.43986029795883 4.574578031778453e-06
0.1 0.00024000000000000003 407.2220688381707 4.608448319438039e-06
0.1 0.00028000000000000003 392.1599110333939 4.642697721181082e-06
0.1 0.00032 377.275880456906 4.677274243711227e-06
0.1 0.00036 362.59121376502657 4.712124120680269e-06
0.1 0.0004 348.12581791410366 4.747192081724336e-06
0.1 0.00044000000000000007 333.89821044676074 4.782421641968013e-06
0.1 0.00048000000000000007 319.92547253128976 4.817755410001848e-06
0.1 0.0005200000000000001 306.2232142989059 4.853135411987251e-06
0.1 0.0005600000000000001 292.8055519054197 4.888503429213129e-06
0.1 0.0006000000000000001 279.68509564705323 4.923801346129187e-06
0.1 0.00064 266.87294838437634 4.958971505620283e-06
0.1 0.00068 254.37871347291173 4.993957068072211e-06
0.1 0.00072 242.21051136268642 5.028702370618787e-06
0.1 0.00076 230.37500401039932 5.063153282858982e-06
0.1 0.0008 218.87742624518594 5.097257555295416e-06
0.1 0.00084 207.72162324030575 5.1309651567746e-06
0.1 0.00088 196.91009326646628 5.164228597306015e-06
0.1 0.0009200000000000001 186.44403493593984 5.197003232800654e-06
0.1 0.00096 176.32339818816274 5.229247548497252e-06
0.1 0.001 166.5469383152676 5.260923418131899e-06
0.1 0.00104 157.1122723782391 5.291996336247665e-06
0.1 0.00108 148.01593741951027 5.322435621427785e-06
0.1 0.00112 139.25344993440652 5.352214588659896e-06
0.1 0.00116 130.81936612065422 5.381310689489873e-06
0.1 0.0012 122.70734248113561 5.409705619091594e-06
0.1 0.00124 114.91019640931296 5.437385389852513e-06
0.1 0.00128 107.41996643854492 5.4643403715436795e-06
0.1 0.00132 100.22797188532974 5.490565298596411e-06
0.1 0.00136 93.32487166192074 5.516059245436699e-06
0.1 0.0014 86.70072207549559 5.540825571223946e-06
0.1 0.00144 80.34503346895333 5.564871835695712e-06
0.1 0.00148 74.2468255923951 5.588209688128575e-06
0.1 0.00152 68.3946816244251 5.610854731682973e-06
0.1 0.00156 62.77680078866222 5.632826365603907e-06
0.1 0.0016 57.38104953340443 5.6541476078986615e-06
0.1 0.00164 52.19501126140129 5.674844901207358e-06
0.1 0.00168 47.206034612350564 5.6949479046239435e-06
0.1 0.00172 42.40128031325168 5.714489274217048e-06
0.1 0.00176 37.76776662133557 5.7335044349457945e-06
0.1 0.0018 33.29241339116608 5.752031346570129e-06
0.1 0.00184 28.962084801892427 5.770110266023638e-06
0.1 0.0018800000000000002 24.763630782737525 5.7877835085552206e-06
0.1 0.0019200000000000003 20.683927174844946 5.8050952097601015e-06
0.1 0.00196 16.70991466577912 5.822091090416695e-06
0.1 0.002 14.930573907354422 3.1486146095717885e-06
0.1 0.00204 13.311646999880487 3.1486146095717885e-06
0.1 0.0020800000000000003 11.842317786585806 3.1486146095717885e-06
0.1 0.00212 10.512067858395998 3.1486146095717885e-06
0.1 0.00216 9.310722055178891 3.1486146095717885e-06
0.1 0.0022 8.22848662533736 3.1486146095717885e-06
0.1 0.0022400000000000002 7.255980276871655 3.1486146095717885e-06
0.1 0.00228 6.384258431286239 3.1486146095717885e-06
0.1 0.00232 5.60483105744792 3.1486146095717885e-06
0.1 0.00236 4.9096745156643475 3.1486146095717885e-06
0.1 0.0024000000000000002 4.291237883069179 3.1486146095717885e-06
0.1 0.00244 3.7424442603380266 3.1486146095717885e-06
0.1 0.00248 3.2566875774890454 3.1486146095717885e-06
0.1 0.00252 2.8278254238837897 3.1486146095717885e-06
0.1 0.00256 2.450168425509398 3.1486146095717885e-06
0.1 0.0026000000000000003 2.1184666822581084 3.1486146095717885e-06
0.1 0.00264 1.8278937603493173 3.1486146095717885e-06
0.1 0.00268 1.5740287114135616 3.1486146095717885e-06
0.1 0.00272 1.3528365612233557 3.1486146095717885e-06
0.1 0.0027600000000000003 1.1606476787286495 3.1486146095717885e-06
0.1 0.0028 0.9941364009974315 3.1486146095717885e-06
0.1 0.00284 0.8502992528657446 3.1486146095717885e-06
0.1 0.00288 0.7264330624711057 3.1486146095717885e-06
0.1 0.0029200000000000003 0.6201132361876196 3.1486146095717885e-06
0.1 0.00296 0.529172419505581 3.1486146095717885e-06
0.1 0.003 0.4516797347026835 3.1486146095717885e-06
0.1 0.00304 0.38592075223169914 3.1486146095717885e-06
0.1 0.0030800000000000003 0.3303783209911573 3.1486146095717885e-06
0.1 0.00312 0.283714353343472 3.1486146095717885e-06
0.1 0.00316 0.24475263410035783 3.1486146095717885e-06
0.1 0.0032 0.21246269882652663 3.1486146095717885e-06
0.1 0.0032400000000000003 0.18594480576425448 3.1486146095717885e-06
0.1 0.0032800000000000004 0.16441600743434612 3.1486146095717885e-06
0.1 0.00332 0.14719731245044576 3.1486146095717885e-06
0.1 0.00336 0.13370191517690694 3.1486146095717885e-06
0.1 0.0034000000000000002 0.12342446041469617 3.1486146095717885e-06
0.1 0.0034400000000000003 0.11593130213906143 3.1486146095717885e-06
0.1 0.00348 0.11085170924405582 3.1486146095717885e-06
0.1 0.00352 0.1078699670701518 3.1486146095717885e-06
0.1 0.0035600000000000002 0.10671832099686523 3.1486146095717885e-06
0.1 0.0036000000000000003 0.10717070736990827 3.1486146095717885e-06
0.1 0.00364 0.10903721730646933 3.1486146095717885e-06
0.1 0.00368 0.11215924029815601 3.1486146095717885e-06
0.1 0.00372 0.11640523683782016 3.1486146095717885e-06
0.1 0.0037600000000000003 0.12166709237817779 3.1486146095717885e-06
0.1 0.0038000000000000004 0.12785700864755378 3.1486146095717885e-06
0.1 0.00384 0.1349048925787538 3.1486146095717885e-06
0.1 0.0038800000000000006 0.14275620774510403 3.1486146095717885e-06
0.1 0.00392 0.15137025815299826 3.1486146095717885e-06
0.1 0.00396 0.1607188794372871 3.1486146095717885e-06
0.1 0.004 0.17078551788188073 3.1486146095717885e-06
0.1 0.00404 150.0 3.667054539480889e-06
0.5 -4e-05 500.0 4.412579833558614e-06
0.5 0.0 500.0 4.412579833558614e-06
0.5 4e-05 491.5635855170038 4.4293879951127325e-06
0.5 8.000000000000002e-05 483.1287456535851 4.446383286259327e-06
0.5 0.00012000000000000002 474.69704143133333 4.4635656494321055e-06
0.5 0.00016 466.27001869633483 4.480934982388993e-06
0.5 0.00020000000000000004 457.84920659172457 4.498491139048527e-06
0.5 0.00024000000000000003 449.4361160838741 4.516233930387126e-06
0.5 0.00028000000000000003 441.0322385455182 4.534163125393584e-06
0.5 0.00032 432.63904439885175 4.552278452076918e-06
0.5 0.00036 424.25798182134787 4.570579598523503e-06
0.5 0.0004 415.89047551677197 4.589066213999226e-06
0.5 0.00044000000000000007 407.53792555358 4.607737910092206e-06
0.5 0.00048000000000000007 399.20170627260785 4.626594261891432e-06
0.5 0.0005200000000000001 390.88316526567706 4.645634809196511e-06
0.5 0.0005600000000000001 382.58362242646234 4.664859057753569e-06
0.5 0.0006000000000000001 374.30436907468777 4.6842664805121895e-06
0.5 0.00064 366.04666715445063 4.703856518898137e-06
0.5 0.00068 357.8117485072015 4.723628584096505e-06
0.5 0.00072 349.6008142196528 4.743582058339818e-06
0.5 0.00076 341.4150340466349 4.76371629619551e-06
0.5 0.0008 333.2555459086752 4.784030625847148e-06
0.5 0.00084 325.123455463842 4.804524350363682e-06
0.5 0.00088 317.01983575317126 4.8251967489509694e-06
0.5 0.0009200000000000001 308.9457269187784 4.84604707817978e-06
0.5 0.00096 300.9021359935581 4.8670745731844714e-06
0.5 0.001 292.89003676117994 4.8882784488265365e-06
0.5 0.00104 284.9103696849124 4.909657900817202e-06
0.5 0.00108 276.9640419036364 4.93121210679333e-06
0.5 0.00112 269.0519272932588 4.952940227340892e-06
0.5 0.00116 261.1748665915902 4.974841406960336e-06
0.5 0.0012 253.33366758462455 4.996914774968275e-06
0.5 0.00124 245.52910535203773 5.019159446329986e-06
0.5 0.00128 237.76192256962142 5.04157452241731e-06
0.5 0.00132 230.03282986627107 5.064159091686692e-06
0.5 0.00136 222.34250623307102 5.086912230272178e-06
0.5 0.0014 214.69159948194866 5.1098330024884016e-06
0.5 0.00144 207.0807267513138 5.132920461238666e-06
0.5 0.00148 199.51047505605416 5.156173648323459e-06
0.5 0.00152 191.98140187922317 5.179591594644891e-06
0.5 0.00156 184.49403580273287 5.203173320302728e-06
0.5 0.0016 177.04887717435156 5.2269178345779085e-06
0.5 0.00164 169.6463988083015 5.25082413579962e-06
0.5 0.00168 162.28704671675843 5.274891211092254e-06
0.5 0.00172 154.9712408695682 5.299118035998734e-06
0.5 0.00176 147.69937597952054 5.323503573977003e-06
0.5 0.0018 140.47182231054873 5.3480467757666294e-06
0.5 0.00184 133.28892650626327 5.372746578622787e-06
0.5 0.0018800000000000002 126.15101243627298 5.3976019054150455e-06
0.5 0.0019200000000000003 119.05838205779763 5.422611663588734e-06
0.5 0.00196 112.01131629013356 5.447774743986809e-06
0.5 0.002 108.53342133270843 3.4840793231821886e-06
0.5 0.00204 105.12737465014818 3.470091068818372e-06
0.5 0.0020800000000000003 101.79361435843241 3.4563996866105807e-06
0.5 0.00212 98.5325292691773 3.4430067733648177e-06
0.5 0.00216 95.34445899053769 3.429913723813948e-06
0.5 0.0022 92.22969418285707 3.417121731667631e-06
0.5 0.0022400000000000002 89.18847696959958 3.4046317912999655e-06
0.5 0.00228 86.22100150336459 3.392444700074052e-06
0.5 0.00232 83.32741468603987 3.3805610612995832e-06
0.5 0.00236 80.50781704140012 3.3689812878165044e-06
0.5 0.0024000000000000002 77.76226373770896 3.3577056061947306e-06
0.5 0.00244 75.09076575713863 3.3467340615368193e-06
0.5 0.00248 72.49329120808976 3.336066522867525e-06
0.5 0.00252 69.96976677577756 3.32570268909119e-06
0.5 0.00256 67.52007930575647 3.315642095495112e-06
0.5 0.0026000000000000003 65.14407751438749 3.305884120774234e-06
0.5 0.00264 62.841573819616485 3.2964279945499527e-06
0.5 0.00268 60.61234628483087 3.2872728053533192e-06
0.5 0.00272 58.45614066800242 3.2784175090406408e-06
0.5 0.0027600000000000003 56.37267256780682 3.2698609376073547e-06
0.5 0.0028 54.36162965794231 3.2616018083641264e-06
0.5 0.00284 52.4226740004502 3.2536387334373984e-06
0.5 0.00288 50.55544442847445 3.245970229555119e-06
0.5 0.0029200000000000003 48.759558988586114 3.2385947280770975e-06
0.5 0.00296 47.03461743254359 3.231510585228385e-06
0.5 0.003 45.3802037481628 3.224716092493276e-06
0.5 0.00304 43.79588871883356 3.2182094871269585e-06
0.5 0.0030800000000000003 42.28123250114062 3.211988962741515e-06
0.5 0.00312 40.83578721003067 3.206052679922916e-06
0.5 0.00316 39.45909950100848 3.200398776835814e-06
0.5 0.0032 38.15071313894117 3.195025379773332e-06
0.5 0.0032400000000000003 36.91017154319065 3.189930613609643e-06
0.5 0.0032800000000000004 35.7370202989672 3.1851126121138173e-06
0.5 0.00332 34.63080962500098 3.1805695280842773e-06
0.5 0.00336 33.591096787891125 3.1762995432642553e-06
0.5 0.0034000000000000002 32.61744845391083 3.1723008780004e-06
0.5 0.0034400000000000003 31.70944296977532 3.168571800609635e-06
0.5 0.00348 30.866672565033554 3.165110636424133e-06
0.5 0.00352 30.0887454701252 3.1619157764899457e-06
0.5 0.0035600000000000002 29.37528794488494 3.1589856858978407e-06
0.5 0.0036000000000000003 28.725946210758757 3.1563189117187005e-06
0.5 0.00364 28.14038827457929 3.1539140904935628e-06
0.5 0.00368 27.61830562245189 3.151769955190225e-06
0.5 0.00372 27.159414752451386 3.149885341497856e-06
0.5 0.0037600000000000003 26.763458510652992 3.1486146095717885e-06
0.5 0.0038000000000000004 26.43020012398639 3.1486146095717885e-06
0.5 0.00384 26.15941621118852 3.1486146095717885e-06
0.5 0.0038800000000000006 25.95092269268924 3.1486146095717885e-06
0.5 0.00392 25.80457514393678 3.1486146095717885e-06
0.5 0.00396 25.720269029772407 3.1486146095717885e-06
0.5 0.004 25.6979398518357 3.1486146095717885e-06
0.5 0.00404 150.0 3.667054539480889e-06
20.0 -4e-05 500.0 4.412579833558614e-06
20.0 0.0 500.0 4.412579833558614e-06
20.0 4e-05 499.959274763969 4.412660519816412e-06
20.0 8.000000000000002e-05 499.9185497167477 4.412741210061276e-06
20.0 0.00012000000000000002 499.87782504710674 4.412821903919455e-06
20.0 0.00016 499.8371009437458 4.41290260101725e-06
20.0 0.00020000000000000004 499.79637759526094 4.412983300981087e-06
20.0 0.00024000000000000003 499.75565519011343 4.4130640034375816e-06
20.0 0.00028000000000000003 499.71493391659703 4.413144708013601e-06
20.0 0.00032 499.674213962806 4.413225414336321e-06
20.0 0.00036 499.6334955166034 4.4133061220333025e-06
20.0 0.0004 499.592778765589 4.4133868307325436e-06
20.0 0.00044000000000000007 499.5520638970675 4.4134675400625455e-06
20.0 0.00048000000000000007 499.5113510980166 4.413548249652385e-06
20.0 0.0005200000000000001 499.47064055505507 4.41362895913176e-06
20.0 0.0005600000000000001 499.4299324544114 4.41370966813107e-06
20.0 0.0006000000000000001 499.3892269818919 4.413790376281469e-06
20.0 0.00064 499.34852432284924 4.4138710832149274e-06
20.0 0.00068 499.3078246621507 4.413951788564307e-06
20.0 0.00072 499.2671281841473 4.414032491963406e-06
20.0 0.00076 499.2264350726418 4.414113193047035e-06
20.0 0.0008 499.185745510858 4.414193891451071e-06
20.0 0.00084 499.14505968140946 4.414274586812528e-06
20.0 0.00088 499.1043777662684 4.41435527876961e-06
20.0 0.0009200000000000001 499.06369994673497 4.4144359669617736e-06
20.0 0.00096 499.0230264034063 4.4145166510298e-06
20.0 0.001 498.98235731614585 4.414597330615841e-06
20.0 0.00104 498.941692864053 4.414678005363491e-06
20.0 0.00108 498.90103322543246 4.414758674917842e-06
20.0 0.00112 498.8603785777643 4.4148393389255485e-06
20.0 0.00116 498.81972909767353 4.414919997034884e-06
20.0 0.0012 498.77908496090004 4.415000648895803e-06
20.0 0.00124 498.73844634226924 4.41508129416e-06
20.0 0.00128 498.6978134156619 4.4151619324809666e-06
20.0 0.00132 498.6571863539851 4.415242563514056e-06
20.0 0.00136 498.61656532914225 4.41532318691654e-06
20.0 0.0014 498.5759505120047 4.41540380234766e-06
20.0 0.00144 498.5353420723822 4.415484409468696e-06
20.0 0.00148 498.4947401789943 4.41556500794302e-06
20.0 0.00152 498.45414499944167 4.41564559743615e-06
20.0 0.00156 498.4135567001778 4.415726177615809e-06
20.0 0.0016 498.37297544648055 4.415806748151988e-06
20.0 0.00164 498.33240140242447 4.415887308716994e-06
20.0 0.00168 498.29183473085254 4.415967858985508e-06
20.0 0.00172 498.25127559334885 4.416048398634643e-06
20.0 0.00176 498.2107241502113 4.416128927343996e-06
20.0 0.0018 498.17018056042417 4.4162094447957046e-06
20.0 0.00184 498.1296449816312 4.416289950674501e-06
20.0 0.0018800000000000002 498.08911757010907 4.416370444667767e-06
20.0 0.0019200000000000003 498.04859848074074 4.4164509264655836e-06
20.0 0.00196 498.00808786698934 4.416531395760786e-06
20.0 0.002 497.9887114704031 5.212523103582971e-06
20.0 0.00204 497.96934244489904 5.212438254057163e-06
20.0 0.0020800000000000003 497.94998085049 5.212353437084613e-06
20.0 0.00212 497.9306267461205 5.212268652923537e-06
20.0 0.00216 497.9112801896582 5.212183901827437e-06
20.0 0.0022 497.8919412378858 5.212099184045058e-06
20.0 0.0022400000000000002 497.87260994649273 5.21201449982036e-06
20.0 0.00228 497.85328637006677 5.211929849392472e-06
20.0 0.00232 497.8339705620866 5.21184523299567e-06
20.0 0.00236 497.8146625749137 5.211760650859331e-06
20.0 0.0024000000000000002 497.79536245978477 5.211676103207907e-06
20.0 0.00244 497.7760702668044 5.211591590260888e-06
20.0 0.00248 497.75678604493805 5.211507112232781e-06
20.0 0.00252 497.7375098420043 5.21142266933306e-06
20.0 0.00256 497.71824170466846 5.211338261766152e-06
20.0 0.0026000000000000003 497.6989816784357 5.211253889731401e-06
20.0 0.00264 497.6797298076441 5.211169553423038e-06
20.0 0.00268 497.6604861354585 5.211085253030153e-06
20.0 0.00272 497.6412507038643 5.211000988736674e-06
20.0 0.0027600000000000003 497.6220235536611 5.2109167607213275e-06
20.0 0.0028 497.602804724457 5.210832569157625e-06
20.0 0.00284 497.5835942546626 5.210748414213833e-06
20.0 0.00288 497.56439218148563 5.210664296052943e-06
20.0 0.0029200000000000003 497.54519854092536 5.21058021483266e-06
20.0 0.00296 497.5260133677674 5.210496170705366e-06
20.0 0.003 497.5068366955788 5.210412163818108e-06
20.0 0.00304 497.4876685567028 5.210328194312573e-06
20.0 0.0030800000000000003 497.4685089822543 5.210244262325065e-06
20.0 0.00312 497.4493580021157 5.210160367986489e-06
20.0 0.00316 497.43021564493165 5.210076511422327e-06
20.0 0.0032 497.41108193810584 5.209992692752626e-06
20.0 0.0032400000000000003 497.39195690779616 5.209908912091977e-06
20.0 0.0032800000000000004 497.3728405789115 5.209825169549497e-06
20.0 0.00332 497.3537329751077 5.209741465228814e-06
20.0 0.00336 497.33463411878415 5.2096577992280545e-06
20.0 0.0034000000000000002 497.3155440310809 5.209574171639824e-06
20.0 0.0034400000000000003 497.2964627318748 5.209490582551198e-06
20.0 0.00348 497.2773902397772 5.209407032043707e-06
20.0 0.00352 497.25832657213107 5.209323520193324e-06
20.0 0.0035600000000000002 497.2392717450082 5.2092400470704555e-06
20.0 0.0036000000000000003 497.2202257732071 5.209156612739928e-06
20.0 0.00364 497.2011886702507 5.209073217260981e-06
20.0 0.00368 497.18216044838437 5.20898986068726e-06
20.0 0.00372 497.16314111857395 5.2089065430668e-06
20.0 0.0037600000000000003 497.1441306905042 5.208823264442029e-06
20.0 0.0038000000000000004 497.1251291725776 5.208740024849754e-06
20.0 0.00384 497.1061365719126 5.208656824321158e-06
20.0 0.0038800000000000006 497.08715289434286 5.2085736628818e-06
20.0 0.00392 497.06817814441627 5.208490540551598e-06
20.0 0.00396 497.0492123253942 5.2084074573448434e-06
20.0 0.004 497.03025543925094 5.2083244132701824e-06
20.0 0.00404 150.0 3.667054539480889e-06
