0.0 -0.05 1 1.0
0.0 0.0 1 1.0
0.0 0.05 0 1.0
0.0 0.10000000000000002 0 1.0
0.0 0.15000000000000002 0 1.0
0.0 0.2 0 1.0
0.0 0.25000000000000006 0 1.0
0.0 0.30000000000000004 0 1.0
0.0 0.35000000000000003 0 1.0
0.0 0.4 0 1.0
0.0 0.45 0 1.0
0.0 0.5 0 0.1
0.0 0.55 0 0.1
0.0 0.6 0 0.1
0.0 0.65 0 0.1
0.0 0.7 0 0.1
0.0 0.75 0 0.1
0.0 0.8 0 0.1
0.0 0.85 0 0.1
0.0 0.9 0 0.1
0.0 0.95 0 0.1
0.0 1.0 0 0.1
0.0 1.05 0 0.1
0.001 -0.05 1.0 1.0
0.001 0.0 1.0 1.0
0.001 0.05 0.2819810105131767 1.0
0.001 0.10000000000000002 0.048834855291979416 1.0
0.001 0.15000000000000002 0.0059655035413985966 1.0
0.001 0.2 0.0005568104210974084 1.0
0.001 0.25000000000000006 4.1771833602401784e-05 1.0
0.001 0.30000000000000004 2.6070410698422192e-06 1.0
0.001 0.35000000000000003 1.3876834650334292e-07 1.0
0.001 0.4 6.418483129986702e-09 1.0
0.001 0.45 2.647028590720532e-10 1.0
0.001 0.5 9.049149131034452e-11 0.1
0.001 0.55 3.479476632469488e-13 0.1
0.001 0.6 1.1919373643380152e-15 0.1
0.001 0.65 3.675547709823369e-18 0.1
0.001 0.7 1.02885885712257e-20 0.1
0.001 0.75 2.6324337569108127e-23 0.1
0.001 0.8 6.19225809607755e-26 0.1
0.001 0.85 1.345793161575021e-28 0.1
0.001 0.9 2.7139097563888177e-31 0.1
0.001 0.95 5.096926926608827e-34 0.1
0.001 1.0 0.0 0.1
0.001 1.05 0.0 0.1
0.05 -0.05 1.0 1.0
0.05 0.0 1.0 1.0
0.05 0.05 0.8747354438819468 1.0
0.05 0.10000000000000002 0.7527077324597943 1.0
0.05 0.15000000000000002 0.6369383673534647 1.0
0.05 0.2 0.5300476756904161 1.0
0.05 0.25000000000000006 0.43412270221227345 1.0
0.05 0.30000000000000004 0.3506535542377881 1.0
0.05 0.35000000000000003 0.28054120738089505 1.0
0.05 0.4 0.22416810478242297 1.0
0.05 0.45 0.1815133529878301 1.0
0.05 0.5 0.15228843032748637 0.1
0.05 0.55 0.051358178937829735 0.1
0.05 0.6 0.01493840448860561 0.1
0.05 0.65 0.0038038157907713003 0.1
0.05 0.7 0.0008590933909744626 0.1
0.05 0.75 0.00017404561406903822 0.1
0.05 0.8 3.1936006455801084e-05 0.1
0.05 0.85 5.351631882135451e-06 0.1
0.05 0.9 8.246378308986965e-07 0.1
0.05 0.95 1.1572630220789984e-07 0.1
0.05 1.0 0.0 0.1
0.05 1.05 0.0 0.1
1.0 -0.05 1.0 1.0
1.0 0.0 1.0 1.0
1.0 0.05 0.9893819433741945 1.0
1.0 0.10000000000000002 0.9787759444010351 1.0
1.0 0.15000000000000002 0.968193963016752 1.0
1.0 0.2 0.9576477645737729 1.0
1.0 0.25000000000000006 0.9471488246627562 1.0
1.0 0.30000000000000004 0.9367082364472645 1.0
1.0 0.35000000000000003 0.9263366213088262 1.0
1.0 0.4 0.9160440435666899 1.0
1.0 0.45 0.9058399299956152 1.0
1.0 0.5 0.8957329948170752 0.1
1.0 0.55 0.7950322165118988 0.1
1.0 0.6 0.6961444151917454 0.1
1.0 0.65 0.5996878950274417 0.1
1.0 0.7 0.5060899388532376 0.1
1.0 0.75 0.41555461432858043 0.1
1.0 0.8 0.32804810496592585 0.1
1.0 0.85 0.24330242729691218 0.1
1.0 0.9 0.16083699554738917 0.1
1.0 0.95 0.07999619444759212 0.1
1.0 1.0 0.0 0.1
1.0 1.05 0.0 0.1
