0.0 -0.001 -0.001 0.0 1.0
0.0 -0.001 0.0 1.0 1.0
0.0 -0.001 0.001 1.0 1.0
0.0 -0.001 0.002 1.0 1.0
0.0 -0.001 0.003 1.0 1.0
0.0 -0.001 0.004 1.0 1.0
0.0 -0.001 0.005 1.0 1.0
0.0 -0.001 0.006 1.0 1.0
0.0 -0.001 0.007 1.0 1.0
0.0 -0.001 0.008 1.0 1.0
0.0 -0.001 0.009000000000000001 1.0 1.0
0.0 -0.001 0.009999999999999998 1.0 1.0
0.0 -0.001 0.011 0.0 1.0
0.0 0.0 -0.001 0.0 1.0
0.0 0.0 0.0 0.0 3.1486146095717885e-06
0.0 0.0 0.001 0.0 3.1486146095717885e-06
0.0 0.0 0.002 0.0 3.1486146095717885e-06
0.0 0.0 0.003 0.0 3.1486146095717885e-06
0.0 0.0 0.004 0.0 3.1486146095717885e-06
0.0 0.0 0.005 0.0 3.1486146095717885e-06
0.0 0.0 0.006 0.0 3.1486146095717885e-06
0.0 0.0 0.007 0.0 3.1486146095717885e-06
0.0 0.0 0.008 0.0 3.1486146095717885e-06
0.0 0.0 0.009000000000000001 0.0 3.1486146095717885e-06
0.0 0.0 0.009999999999999998 0.0 3.1486146095717885e-06
0.0 0.0 0.011 0.0 1.0
0.0 0.001 -0.001 0.0 1.0
0.0 0.001 0.0 0.0 3.1486146095717885e-06
0.0 0.001 0.001 0.0 3.1486146095717885e-06
0.0 0.001 0.002 0.0 3.1486146095717885e-06
0.0 0.001 0.003 0.0 3.1486146095717885e-06
0.0 0.001 0.004 0.0 3.1486146095717885e-06
0.0 0.001 0.005 0.0 3.1486146095717885e-06
0.0 0.001 0.006 0.0 3.1486146095717885e-06
0.0 0.001 0.007 0.0 3.1486146095717885e-06
0.0 0.001 0.008 0.0 3.1486146095717885e-06
0.0 0.001 0.009000000000000001 0.0 3.1486146095717885e-06
0.0 0.001 0.009999999999999998 0.0 3.1486146095717885e-06
0.0 0.001 0.011 0.0 1.0
0.0 0.002 -0.001 0.0 1.0
0.0 0.002 0.0 0.0 3.1486146095717885e-06
0.0 0.002 0.001 0.0 3.1486146095717885e-06
0.0 0.002 0.002 0.0 3.1486146095717885e-06
0.0 0.002 0.003 0.0 3.1486146095717885e-06
0.0 0.002 0.004 0.0 3.1486146095717885e-06
0.0 0.002 0.005 0.0 3.1486146095717885e-06
0.0 0.002 0.006 0.0 3.1486146095717885e-06
0.0 0.002 0.007 0.0 3.1486146095717885e-06
0.0 0.002 0.008 0.0 3.1486146095717885e-06
0.0 0.002 0.009000000000000001 0.0 3.1486146095717885e-06
0.0 0.002 0.009999999999999998 0.0 3.1486146095717885e-06
0.0 0.002 0.011 0.0 1.0
0.0 0.003 -0.001 0.0 1.0
0.0 0.003 0.0 0.0 6.249498329319968e-06
0.0 0.003 0.001 0.0 6.249498329319968e-06
0.0 0.003 0.002 0.0 6.249498329319968e-06
0.0 0.003 0.003 0.0 6.249498329319968e-06
0.0 0.003 0.004 0.0 6.249498329319968e-06
0.0 0.003 0.005 0.0 6.249498329319968e-06
0.0 0.003 0.006 0.0 6.249498329319968e-06
0.0 0.003 0.007 0.0 6.249498329319968e-06
0.0 0.003 0.008 0.0 6.249498329319968e-06
0.0 0.003 0.009000000000000001 0.0 6.249498329319968e-06
0.0 0.003 0.009999999999999998 0.0 6.249498329319968e-06
0.0 0.003 0.011 0.0 1.0
0.0 0.004 -0.001 0.0 1.0
0.0 0.004 0.0 0.0 6.249498329319968e-06
0.0 0.004 0.001 0.0 6.249498329319968e-06
0.0 0.004 0.002 0.0 6.249498329319968e-06
0.0 0.004 0.003 0.0 6.249498329319968e-06
0.0 0.004 0.004 0.0 6.249498329319968e-06
0.0 0.004 0.005 0.0 6.249498329319968e-06
0.0 0.004 0.006 0.0 6.249498329319968e-06
0.0 0.004 0.007 0.0 6.249498329319968e-06
0.0 0.004 0.008 0.0 6.249498329319968e-06
0.0 0.004 0.009000000000000001 0.0 6.249498329319968e-06
0.0 0.004 0.009999999999999998 0.0 6.249498329319968e-06
0.0 0.004 0.011 0.0 1.0
0.0 0.005 -0.001 0.0 1.0
0.0 0.005 0.0 0.0 6.249498329319968e-06
0.0 0.005 0.001 0.0 6.249498329319968e-06
0.0 0.005 0.002 0.0 6.249498329319968e-06
0.0 0.005 0.003 0.0 6.249498329319968e-06
0.0 0.005 0.004 0.0 6.249498329319968e-06
0.0 0.005 0.005 0.0 6.249498329319968e-06
0.0 0.005 0.006 0.0 6.249498329319968e-06
0.0 0.005 0.007 0.0 6.249498329319968e-06
0.0 0.005 0.008 5.0 6.249498329319968e-06
0.0 0.005 0.009000000000000001 5.0 6.249498329319968e-06
0.0 0.005 0.009999999999999998 5.0 6.249498329319968e-06
0.0 0.005 0.011 0.0 1.0
0.0 0.006 -0.001 0.0 1.0
0.0 0.006 0.0 0.0 6.249498329319968e-06
0.0 0.006 0.001 0.0 6.249498329319968e-06
0.0 0.006 0.002 0.0 6.249498329319968e-06
0.0 0.006 0.003 0.0 6.249498329319968e-06
0.0 0.006 0.004 0.0 6.249498329319968e-06
0.0 0.006 0.005 0.0 6.249498329319968e-06
0.0 0.006 0.006 5.0 6.249498329319968e-06
0.0 0.006 0.007 5.0 6.249498329319968e-06
0.0 0.006 0.008 0.0 6.249498329319968e-06
0.0 0.006 0.009000000000000001 0.0 6.249498329319968e-06
0.0 0.006 0.009999999999999998 0.0 6.249498329319968e-06
0.0 0.006 0.011 0.0 1.0
0.0 0.007 -0.001 0.0 1.0
0.0 0.007 0.0 0.0 6.249498329319968e-06
0.0 0.007 0.001 0.0 6.249498329319968e-06
0.0 0.007 0.002 0.0 6.249498329319968e-06
0.0 0.007 0.003 0.0 6.249498329319968e-06
0.0 0.007 0.004 5.0 6.249498329319968e-06
0.0 0.007 0.005 5.0 6.249498329319968e-06
0.0 0.007 0.006 0.0 6.249498329319968e-06
0.0 0.007 0.007 0.0 6.249498329319968e-06
0.0 0.007 0.008 0.0 6.249498329319968e-06
0.0 0.007 0.009000000000000001 0.0 6.249498329319968e-06
0.0 0.007 0.009999999999999998 0.0 6.249498329319968e-06
0.0 0.007 0.011 0.0 1.0
0.0 0.008 -0.001 0.0 1.0
0.0 0.008 0.0 0.0 6.249498329319968e-06
0.0 0.008 0.001 0.0 6.249498329319968e-06
0.0 0.008 0.002 5.0 6.249498329319968e-06
0.0 0.008 0.003 5.0 6.249498329319968e-06
0.0 0.008 0.004 0.0 6.249498329319968e-06
0.0 0.008 0.005 0.0 6.249498329319968e-06
0.0 0.008 0.006 0.0 6.249498329319968e-06
0.0 0.008 0.007 0.0 6.249498329319968e-06
0.0 0.008 0.008 0.0 6.249498329319968e-06
0.0 0.008 0.009000000000000001 0.0 6.249498329319968e-06
0.0 0.008 0.009999999999999998 0.0 6.249498329319968e-06
0.0 0.008 0.011 0.0 1.0
0.0 0.009000000000000001 -0.001 0.0 1.0
0.0 0.009000000000000001 0.0 0.0 6.249498329319968e-06
0.0 0.009000000000000001 0.001 5.0 6.249498329319968e-06
0.0 0.009000000000000001 0.002 0.0 6.249498329319968e-06
0.0 0.009000000000000001 0.003 0.0 6.249498329319968e-06
0.0 0.009000000000000001 0.004 0.0 6.249498329319968e-06
0.0 0.009000000000000001 0.005 0.0 6.249498329319968e-06
0.0 0.009000000000000001 0.006 0.0 6.249498329319968e-06
0.0 0.009000000000000001 0.007 0.0 6.249498329319968e-06
0.0 0.009000000000000001 0.008 0.0 6.249498329319968e-06
0.0 0.009000000000000001 0.009000000000000001 0.0 6.249498329319968e-06
0.0 0.009000000000000001 0.009999999999999998 0.0 6.249498329319968e-06
0.0 0.009000000000000001 0.011 0.0 1.0
0.0 0.009999999999999998 -0.001 0.0 1.0
0.0 0.009999999999999998 0.0 5.0 6.249498329319968e-06
0.0 0.009999999999999998 0.001 0.0 6.249498329319968e-06
0.0 0.009999999999999998 0.002 0.0 6.249498329319968e-06
0.0 0.009999999999999998 0.003 0.0 6.249498329319968e-06
0.0 0.009999999999999998 0.004 0.0 6.249498329319968e-06
0.0 0.009999999999999998 0.005 0.0 6.249498329319968e-06
0.0 0.009999999999999998 0.006 0.0 6.249498329319968e-06
0.0 0.009999999999999998 0.007 0.0 6.249498329319968e-06
0.0 0.009999999999999998 0.008 0.0 6.249498329319968e-06
0.0 0.009999999999999998 0.009000000000000001 0.0 6.249498329319968e-06
0.0 0.009999999999999998 0.009999999999999998 0.0 6.249498329319968e-06
0.0 0.009999999999999998 0.011 0.0 1.0
0.0 0.011 -0.001 0.0 1.0
0.0 0.011 0.0 0.0 1.0
0.0 0.011 0.001 0.0 1.0
0.0 0.011 0.002 0.0 1.0
0.0 0.011 0.003 0.0 1.0
0.0 0.011 0.004 0.0 1.0
0.0 0.011 0.005 0.0 1.0
0.0 0.011 0.006 0.0 1.0
0.0 0.011 0.007 0.0 1.0
0.0 0.011 0.008 0.0 1.0
0.0 0.011 0.009000000000000001 0.0 1.0
0.0 0.011 0.009999999999999998 0.0 1.0
0.0 0.011 0.011 0.0 1.0
0.001 -0.001 -0.001 0.0 1.0
0.001 -0.001 0.0 1.0 1.0
0.001 -0.001 0.001 1.0 1.0
0.001 -0.001 0.002 1.0 1.0
0.001 -0.001 0.003 1.0 1.0
0.001 -0.001 0.004 1.0 1.0
0.001 -0.001 0.005 1.0 1.0
0.001 -0.001 0.006 1.0 1.0
0.001 -0.001 0.007 1.0 1.0
0.001 -0.001 0.008 1.0 1.0
0.001 -0.001 0.009000000000000001 1.0 1.0
0.001 -0.001 0.009999999999999998 1.0 1.0
0.001 -0.001 0.011 0.0 1.0
0.001 0.0 -0.001 0.0 1.0
0.001 0.0 0.0 0.0 3.1486146095717885e-06
0.001 0.0 0.001 0.012515148246610283 3.1486146095717885e-06
0.001 0.0 0.002 0.012515148246610283 3.1486146095717885e-06
0.001 0.0 0.003 0.012515148246610283 3.1486146095717885e-06
0.001 0.0 0.004 0.012515148246610283 3.1486146095717885e-06
0.001 0.0 0.005 0.012515148246610283 3.1486146095717885e-06
0.001 0.0 0.006 0.012515148246610283 3.1486146095717885e-06
0.001 0.0 0.007 0.012515148246610283 3.1486146095717885e-06
0.001 0.0 0.008 0.012515148246610283 3.1486146095717885e-06
0.001 0.0 0.009000000000000001 0.012515148246610283 3.1486146095717885e-06
0.001 0.0 0.009999999999999998 0.0 3.1486146095717885e-06
0.001 0.0 0.011 0.0 1.0
0.001 0.001 -0.001 0.0 1.0
0.001 0.001 0.0 0.0 3.1486146095717885e-06
0.001 0.001 0.001 0.0 3.1486146095717885e-06
0.001 0.001 0.002 0.0 3.1486146095717885e-06
0.001 0.001 0.003 0.0 3.1486146095717885e-06
0.001 0.001 0.004 0.0 3.1486146095717885e-06
0.001 0.001 0.005 0.0 3.1486146095717885e-06
0.001 0.001 0.006 0.0 3.1486146095717885e-06
0.001 0.001 0.007 0.0 3.1486146095717885e-06
0.001 0.001 0.008 0.0 3.1486146095717885e-06
0.001 0.001 0.009000000000000001 0.0 3.1486146095717885e-06
0.001 0.001 0.009999999999999998 0.0 3.1486146095717885e-06
0.001 0.001 0.011 0.0 1.0
0.001 0.002 -0.001 0.0 1.0
0.001 0.002 0.0 0.0 3.1486146095717885e-06
0.001 0.002 0.001 0.0 3.1486146095717885e-06
0.001 0.002 0.002 0.0 3.1486146095717885e-06
0.001 0.002 0.003 0.0 3.1486146095717885e-06
0.001 0.002 0.004 0.0 3.1486146095717885e-06
0.001 0.002 0.005 0.0 3.1486146095717885e-06
0.001 0.002 0.006 0.0 3.1486146095717885e-06
0.001 0.002 0.007 0.0 3.1486146095717885e-06
0.001 0.002 0.008 0.0 3.1486146095717885e-06
0.001 0.002 0.009000000000000001 0.0 3.1486146095717885e-06
0.001 0.002 0.009999999999999998 0.0 3.1486146095717885e-06
0.001 0.002 0.011 0.0 1.0
0.001 0.003 -0.001 0.0 1.0
0.001 0.003 0.0 0.0 6.17283950617284e-05
0.001 0.003 0.001 0.0 6.17283950617284e-05
0.001 0.003 0.002 0.0 6.17283950617284e-05
0.001 0.003 0.003 0.0 6.17283950617284e-05
0.001 0.003 0.004 0.0 6.17283950617284e-05
0.001 0.003 0.005 0.0 6.17283950617284e-05
0.001 0.003 0.006 0.0 6.17283950617284e-05
0.001 0.003 0.007 0.0 6.17283950617284e-05
0.001 0.003 0.008 0.0 6.17283950617284e-05
0.001 0.003 0.009000000000000001 0.0 6.17283950617284e-05
0.001 0.003 0.009999999999999998 0.0 6.17283950617284e-05
0.001 0.003 0.011 0.0 1.0
0.001 0.004 -0.001 0.0 1.0
0.001 0.004 0.0 0.0 6.17283950617284e-05
0.001 0.004 0.001 0.0 6.17283950617284e-05
0.001 0.004 0.002 0.0 6.17283950617284e-05
0.001 0.004 0.003 0.0 6.17283950617284e-05
0.001 0.004 0.004 0.0 6.17283950617284e-05
0.001 0.004 0.005 0.0 6.17283950617284e-05
0.001 0.004 0.006 0.0 6.17283950617284e-05
0.001 0.004 0.007 0.0 6.17283950617284e-05
0.001 0.004 0.008 0.007715430036197492 6.17283950617284e-05
0.001 0.004 0.009000000000000001 0.007715430036197492 6.17283950617284e-05
0.001 0.004 0.009999999999999998 0.0 6.17283950617284e-05
0.001 0.004 0.011 0.0 1.0
0.001 0.005 -0.001 0.0 1.0
0.001 0.005 0.0 0.0 6.17283950617284e-05
0.001 0.005 0.001 0.0 6.17283950617284e-05
0.001 0.005 0.002 0.0 6.17283950617284e-05
0.001 0.005 0.003 0.0 6.17283950617284e-05
0.001 0.005 0.004 0.0 6.17283950617284e-05
0.001 0.005 0.005 0.0 6.17283950617284e-05
0.001 0.005 0.006 0.007715430036197492 6.17283950617284e-05
0.001 0.005 0.007 0.015430860072394983 6.17283950617284e-05
0.001 0.005 0.008 5.0 6.17283950617284e-05
0.001 0.005 0.009000000000000001 5.0 6.17283950617284e-05
0.001 0.005 0.009999999999999998 5.0 6.17283950617284e-05
0.001 0.005 0.011 0.0 1.0
0.001 0.006 -0.001 0.0 1.0
0.001 0.006 0.0 0.0 6.17283950617284e-05
0.001 0.006 0.001 0.0 6.17283950617284e-05
0.001 0.006 0.002 0.0 6.17283950617284e-05
0.001 0.006 0.003 0.0 6.17283950617284e-05
0.001 0.006 0.004 0.007715430036197492 6.17283950617284e-05
0.001 0.006 0.005 0.015430860072394983 6.17283950617284e-05
0.001 0.006 0.006 5.0 6.17283950617284e-05
0.001 0.006 0.007 5.0 6.17283950617284e-05
0.001 0.006 0.008 0.0015622491747269227 6.249498329319968e-06
0.001 0.006 0.009000000000000001 0.0007811245873634614 6.249498329319968e-06
0.001 0.006 0.009999999999999998 0.0 6.249498329319968e-06
0.001 0.006 0.011 0.0 1.0
0.001 0.007 -0.001 0.0 1.0
0.001 0.007 0.0 0.0 6.17283950617284e-05
0.001 0.007 0.001 0.0 6.17283950617284e-05
0.001 0.007 0.002 0.007715430036197492 6.17283950617284e-05
0.001 0.007 0.003 0.015430860072394983 6.17283950617284e-05
0.001 0.007 0.004 5.0 6.17283950617284e-05
0.001 0.007 0.005 5.0 6.17283950617284e-05
0.001 0.007 0.006 0.0015622491747269227 6.249498329319968e-06
0.001 0.007 0.007 0.0007811245873634614 6.249498329319968e-06
0.001 0.007 0.008 0.0 6.249498329319968e-06
0.001 0.007 0.009000000000000001 0.0 6.249498329319968e-06
0.001 0.007 0.009999999999999998 0.0 6.249498329319968e-06
0.001 0.007 0.011 0.0 1.0
0.001 0.008 -0.001 0.0 1.0
0.001 0.008 0.0 0.0 6.17283950617284e-05
0.001 0.008 0.001 0.015430860072394983 6.17283950617284e-05
0.001 0.008 0.002 5.0 6.17283950617284e-05
0.001 0.008 0.003 5.0 6.17283950617284e-05
0.001 0.008 0.004 0.0015622491747269227 6.249498329319968e-06
0.001 0.008 0.005 0.0007811245873634614 6.249498329319968e-06
0.001 0.008 0.006 0.0 6.249498329319968e-06
0.001 0.008 0.007 0.0 6.249498329319968e-06
0.001 0.008 0.008 0.0 6.249498329319968e-06
0.001 0.008 0.009000000000000001 0.0 6.249498329319968e-06
0.001 0.008 0.009999999999999998 0.0 6.249498329319968e-06
0.001 0.008 0.011 0.0 1.0
0.001 0.009000000000000001 -0.001 0.0 1.0
0.001 0.009000000000000001 0.0 0.0 6.17283950617284e-05
0.001 0.009000000000000001 0.001 5.0 6.17283950617284e-05
0.001 0.009000000000000001 0.002 0.0015622491747269227 6.249498329319968e-06
0.001 0.009000000000000001 0.003 0.0007811245873634614 6.249498329319968e-06
0.001 0.009000000000000001 0.004 0.0 6.249498329319968e-06
0.001 0.009000000000000001 0.005 0.0 6.249498329319968e-06
0.001 0.009000000000000001 0.006 0.0 6.249498329319968e-06
0.001 0.009000000000000001 0.007 0.0 6.249498329319968e-06
0.001 0.009000000000000001 0.008 0.0 6.249498329319968e-06
0.001 0.009000000000000001 0.009000000000000001 0.0 6.249498329319968e-06
0.001 0.009000000000000001 0.009999999999999998 0.0 6.249498329319968e-06
0.001 0.009000000000000001 0.011 0.0 1.0
0.001 0.009999999999999998 -0.001 0.0 1.0
0.001 0.009999999999999998 0.0 5.0 6.17283950617284e-05
0.001 0.009999999999999998 0.001 0.0015622491747269227 6.249498329319968e-06
0.001 0.009999999999999998 0.002 0.0 6.249498329319968e-06
0.001 0.009999999999999998 0.003 0.0 6.249498329319968e-06
0.001 0.009999999999999998 0.004 0.0 6.249498329319968e-06
0.001 0.009999999999999998 0.005 0.0 6.249498329319968e-06
0.001 0.009999999999999998 0.006 0.0 6.249498329319968e-06
0.001 0.009999999999999998 0.007 0.0 6.249498329319968e-06
0.001 0.009999999999999998 0.008 0.0 6.249498329319968e-06
0.001 0.009999999999999998 0.009000000000000001 0.0 6.249498329319968e-06
0.001 0.009999999999999998 0.009999999999999998 0.0 6.249498329319968e-06
0.001 0.009999999999999998 0.011 0.0 1.0
0.001 0.011 -0.001 0.0 1.0
0.001 0.011 0.0 0.0 1.0
0.001 0.011 0.001 0.0 1.0
0.001 0.011 0.002 0.0 1.0
0.001 0.011 0.003 0.0 1.0
0.001 0.011 0.004 0.0 1.0
0.001 0.011 0.005 0.0 1.0
0.001 0.011 0.006 0.0 1.0
0.001 0.011 0.007 0.0 1.0
0.001 0.011 0.008 0.0 1.0
0.001 0.011 0.009000000000000001 0.0 1.0
0.001 0.011 0.009999999999999998 0.0 1.0
0.001 0.011 0.011 0.0 1.0
