0.0 0.0 0.0 1
0.0 0.01 0.010000000000004023 1
0.0 0.02 0.019999999999998637 1
0.0 0.03 0.02999999999999928 1
0.0 0.04 0.04000000000000431 1
0.0 0.05 0.04999999999999925 1
0.0 0.06 0.060000000000001594 1
0.0 0.07 0.06999999999999514 1
0.0 0.08 0.08000000000000446 1
0.0 0.09 0.08999999999999839 1
0.0 0.1 0.1000000000000032 1
0.0 0.11 0.1099999999999989 1
0.0 0.12 0.11999999999999794 1
0.0 0.13 0.129999999999998 1
0.0 0.14 0.14000000000000704 1
0.0 0.15 0.14999999999999558 1
0.0 0.16 0.15999999999999603 1
0.0 0.17 0.17000000000000812 1
0.0 0.18 0.17999999999999203 1
0.0 0.19 0.19000000000000428 1
0.0 0.2 0.19999999999999757 1
0.0 0.21 0.21000000000000463 1
0.0 0.22 0.21999999999999442 1
0.0 0.23 0.22999999999999743 1
0.0 0.24 0.24000000000000524 1
0.0 0.25 0.25000000000000094 1
0.0 0.26 0.260000000000001 1
0.0 0.27 0.2699999999999943 1
0.0 0.28 0.2800000000000045 1
0.0 0.29 0.2899999999999985 1
0.0 0.3 0.30000000000000043 1
0.0 0.31 0.309999999999999 1
0.0 0.32 0.32000000000000817 1
0.0 0.33 0.32999999999999213 1
0.0 0.34 0.3399999999999986 1
0.0 0.35000000000000003 0.35000000000000747 1
0.0 0.36 0.35999999999999477 1
0.0 0.37 0.3700000000000026 1
0.0 0.38 0.37999999999999556 1
0.0 0.39 0.3900000000000032 1
0.0 0.4 0.3999999999999938 1
0.0 0.41000000000000003 0.4100000000000101 1
0.0 0.42 0.4199999999999975 1
0.0 0.43 0.4299999999999996 1
0.0 0.44 0.43999999999999767 1
0.0 0.45 0.4499999999999971 1
0.0 0.46 0.4600000000000025 1
0.0 0.47000000000000003 0.4700000000000033 1
0.0 0.48 0.48000000000000254 1
0.0 0.49 0.4900000000000019 1
0.0 0.5 0.4999999999999949 1
0.0 0.51 0.510000000000002 1
0.0 0.52 0.5199999999999997 1
0.0 0.53 0.5299999999999992 1
0.0 0.54 0.5399999999999957 1
0.0 0.55 0.5500000000000043 1
0.0 0.56 0.5599999999999972 1
0.0 0.5700000000000001 0.5700000000000083 1
0.0 0.58 0.5799999999999984 1
0.0 0.59 0.5900000000000002 1
0.0 0.6 0.600000000000003 1
0.0 0.61 0.6099999999999958 1
0.0 0.62 0.6200000000000007 1
0.0 0.63 0.6300000000000007 1
0.0 0.64 0.639999999999997 1
0.0 0.65 0.6500000000000035 1
0.0 0.66 0.6599999999999925 1
0.0 0.67 0.6700000000000027 1
0.0 0.68 0.6800000000000008 1
0.0 0.6900000000000001 0.6899999999999968 1
0.0 0.7000000000000001 0.7000000000000044 1
0.0 0.71 0.7100000000000009 1
0.0 0.72 0.720000000000001 1
0.0 0.73 0.7300000000000029 1
0.0 0.74 0.7399999999999962 1
0.0 0.75 0.7499999999999987 1
0.0 0.76 0.760000000000001 1
0.0 0.77 0.77 1
0.0 0.78 0.7800000000000031 1
0.0 0.79 0.789999999999999 1
0.0 0.8 0.7999999999999962 1
0.0 0.81 0.8099999999999998 1
0.0 0.8200000000000001 0.8199999999999942 1
0.0 0.8300000000000001 0.8300000000000124 1
0.0 0.84 0.8399999999999996 1
0.0 0.85 0.8499999999999986 1
0.0 0.86 0.8600000000000014 1
0.0 0.87 0.8699999999999969 1
0.0 0.88 0.8799999999999987 1
0.0 0.89 0.8899999999999993 1
0.0 0.9 0.8999999999999994 1
0.0 0.91 0.9100000000000025 1
0.0 0.92 0.919999999999999 1
0.0 0.93 0.9300000000000008 1
0.0 0.9400000000000001 0.9399999999999988 1
0.0 0.9500000000000001 0.9500000000000062 1
0.0 0.96 0.9600000000000037 1
0.0 0.97 0.9699999999999959 1
0.0 0.98 0.980000000000001 1
0.0 0.99 0.9900000000000033 1
0.0 1.0 5.909117341217086e-15 1
0.002 0.0 0.0 1
0.002 0.01 0.010000000000000042 1
0.002 0.02 0.02000000000000006 1
0.002 0.03 0.030000000000000117 1
0.002 0.04 0.04000000000000014 1
0.002 0.05 0.05000000000000015 1
0.002 0.06 0.060000000000000185 1
0.002 0.07 0.07000000000000012 1
0.002 0.08 0.08000000000000015 1
0.002 0.09 0.09000000000000012 1
0.002 0.1 0.10000000000000009 1
0.002 0.11 0.1100000000000001 1
0.002 0.12 0.12000000000000006 1
0.002 0.13 0.12999999999999998 1
0.002 0.14 0.1400000000000001 1
0.002 0.15 0.15 1
0.002 0.16 0.16 1
0.002 0.17 0.17 1
0.002 0.18 0.18000000000000005 1
0.002 0.19 0.18999999999999995 1
0.002 0.2 0.20000000000000004 1
0.002 0.21 0.21 1
0.002 0.22 0.21999999999999983 1
0.002 0.23 0.22999999999999995 1
0.002 0.24 0.24 1
0.002 0.25 0.2500000000000001 1
0.002 0.26 0.2600000000000001 1
0.002 0.27 0.27000000000000013 1
0.002 0.28 0.2800000000000001 1
0.002 0.29 0.29000000000000004 1
0.002 0.3 0.30000000000000004 1
0.002 0.31 0.3100000000000001 1
0.002 0.32 0.32000000000000006 1
0.002 0.33 0.33000000000000007 1
0.002 0.34 0.3400000000000002 1
0.002 0.35000000000000003 0.35 1
0.002 0.36 0.3600000000000002 1
0.002 0.37 0.3700000000000003 1
0.002 0.38 0.38000000000000017 1
0.002 0.39 0.39000000000000024 1
0.002 0.4 0.4000000000000002 1
0.002 0.41000000000000003 0.4100000000000002 1
0.002 0.42 0.42000000000000015 1
0.002 0.43 0.43000000000000005 1
0.002 0.44 0.4400000000000003 1
0.002 0.45 0.4500000000000003 1
0.002 0.46 0.46000000000000035 1
0.002 0.47000000000000003 0.4700000000000001 1
0.002 0.48 0.4799999999999998 1
0.002 0.49 0.4899999999999995 1
0.002 0.5 0.4999999999999973 1
0.002 0.51 0.5099999999999894 1
0.002 0.52 0.5199999999999643 1
0.002 0.53 0.5299999999998805 1
0.002 0.54 0.5399999999996106 1
0.002 0.55 0.5499999999987639 1
0.002 0.56 0.5599999999961739 1
0.002 0.5700000000000001 0.5699999999884402 1
0.002 0.58 0.5799999999659179 1
0.002 0.59 0.5899999999019451 1
0.002 0.6 0.5999999997246956 1
0.002 0.61 0.6099999992456572 1
0.002 0.62 0.6199999979828036 1
0.002 0.63 0.6299999947354329 1
0.002 0.64 0.6399999865901063 1
0.002 0.65 0.6499999666612115 1
0.002 0.66 0.6599999190995938 1
0.002 0.67 0.6699998083787655 1
0.002 0.68 0.6799995569575685 1
0.002 0.6900000000000001 0.6899990000605702 1
0.002 0.7000000000000001 0.6999977968300556 1
0.002 0.71 0.7099952609756639 1
0.002 0.72 0.7199900478063175 1
0.002 0.73 0.7299795938202764 1
0.002 0.74 0.7399591451502221 1
0.002 0.75 0.7499201283381948 1
0.002 0.76 0.7598475106301901 1
0.002 0.77 0.7697156734813867 1
0.002 0.78 0.7794821997481479 1
0.002 0.79 0.7890788854193852 1
0.002 0.8 0.7983992827182711 1
0.002 0.81 0.807282232318679 1
0.002 0.8200000000000001 0.8154912262476205 1
0.002 0.8300000000000001 0.822690128014948 1
0.002 0.84 0.8284167927206934 1
0.002 0.85 0.8320574345158731 1
0.002 0.86 0.8328260335107714 1
0.002 0.87 0.8297543880845308 1
0.002 0.88 0.8216992215036064 1
0.002 0.89 0.8073726108021783 1
0.002 0.9 0.7854005358520733 1
0.002 0.91 0.7544113418349836 1
0.002 0.92 0.7131514740234679 1
0.002 0.93 0.6606204818710402 1
0.002 0.9400000000000001 0.5962118946220449 1
0.002 0.9500000000000001 0.5198423067888951 1
0.002 0.96 0.43204907236683016 1
0.002 0.97 0.33403830441809146 1
0.002 0.98 0.22766974379457433 1
0.002 0.99 0.11537305471178537 1
0.002 1.0 4.657523444699913e-16 1
0.004 0.0 0.0 1
0.004 0.01 0.010000000000000018 1
0.004 0.02 0.02000000000000002 1
0.004 0.03 0.030000000000000054 1
0.004 0.04 0.040000000000000036 1
0.004 0.05 0.050000000000000086 1
0.004 0.06 0.06000000000000008 1
0.004 0.07 0.07000000000000008 1
0.004 0.08 0.08000000000000008 1
0.004 0.09 0.09000000000000011 1
0.004 0.1 0.10000000000000007 1
0.004 0.11 0.11000000000000008 1
0.004 0.12 0.12000000000000008 1
0.004 0.13 0.13000000000000003 1
0.004 0.14 0.14000000000000018 1
0.004 0.15 0.15000000000000005 1
0.004 0.16 0.16000000000000017 1
0.004 0.17 0.17000000000000007 1
0.004 0.18 0.18000000000000005 1
0.004 0.19 0.18999999999999997 1
0.004 0.2 0.2000000000000001 1
0.004 0.21 0.21000000000000008 1
0.004 0.22 0.22000000000000008 1
0.004 0.23 0.22999999999999995 1
0.004 0.24 0.24000000000000005 1
0.004 0.25 0.25 1
0.004 0.26 0.26000000000000006 1
0.004 0.27 0.26999999999999985 1
0.004 0.28 0.2799999999999994 1
0.004 0.29 0.2899999999999979 1
0.004 0.3 0.2999999999999947 1
0.004 0.31 0.30999999999998706 1
0.004 0.32 0.31999999999996925 1
0.004 0.33 0.3299999999999277 1
0.004 0.34 0.3399999999998316 1
0.004 0.35000000000000003 0.34999999999961273 1
0.004 0.36 0.3599999999991212 1
0.004 0.37 0.3699999999980293 1
0.004 0.38 0.37999999999563505 1
0.004 0.39 0.3899999999904505 1
0.004 0.4 0.39999999997936164 1
0.004 0.41000000000000003 0.4099999999559391 1
0.004 0.42 0.41999999990707726 1
0.004 0.43 0.4299999998064096 1
0.004 0.44 0.4399999996015788 1
0.004 0.45 0.44999999918996586 1
0.004 0.46 0.4599999983730666 1
0.004 0.47000000000000003 0.4699999967719074 1
0.004 0.48 0.4799999936724409 1
0.004 0.49 0.48999998774692677 1
0.004 0.5 0.4999999765589461 1
0.004 0.51 0.5099999556965535 1
0.004 0.52 0.5199999172760311 1
0.004 0.53 0.52999984739662 1
0.004 0.54 0.5399997218739768 1
0.004 0.55 0.5499994991936513 1
0.004 0.56 0.5599991090463577 1
0.004 0.5700000000000001 0.569998433955251 1
0.004 0.58 0.5799972802808303 1
0.004 0.59 0.5899953331672718 1
0.004 0.6 0.5999920876308298 1
0.004 0.61 0.6099867448305466 1
0.004 0.62 0.6199780584534182 1
0.004 0.63 0.6299641109730345 1
0.004 0.64 0.6399419932598247 1
0.004 0.65 0.6499073537198278 1
0.004 0.66 0.659853775104611 1
0.004 0.67 0.6697719289326197 1
0.004 0.68 0.6796484500132232 1
0.004 0.6900000000000001 0.689464468210134 1
0.004 0.7000000000000001 0.6991937331103963 1
0.004 0.71 0.7088002718861932 1
0.004 0.72 0.7182355338576801 1
0.004 0.73 0.7274349996687832 1
0.004 0.74 0.7363142708818258 1
0.004 0.75 0.744764708741804 1
0.004 0.76 0.752648759106805 1
0.004 0.77 0.7597951824258538 1
0.004 0.78 0.7659944990500429 1
0.004 0.79 0.7709950541352086 1
0.004 0.8 0.7745001930787847 1
0.004 0.81 0.7761671054290543 1
0.004 0.8200000000000001 0.7756079284494292 1
0.004 0.8300000000000001 0.7723936867272619 1
0.004 0.84 0.7660615688074348 1
0.004 0.85 0.7561258971897626 1
0.004 0.86 0.7420929318038091 1
0.004 0.87 0.7234793651522321 1
0.004 0.88 0.6998340350659948 1
0.004 0.89 0.670762023423819 1
0.004 0.9 0.6359499595759462 1
0.004 0.91 0.5951910444709714 1
0.004 0.92 0.548408095950854 1
0.004 0.93 0.49567282405015356 1
0.004 0.9400000000000001 0.4372196050655807 1
0.004 0.9500000000000001 0.3734522483376942 1
0.004 0.96 0.30494263621761647 1
0.004 0.97 0.23242064254904188 1
0.004 0.98 0.1567553569790372 1
0.004 0.99 0.07892830575677064 1
0.004 1.0 3.099133425881811e-16 1
0.006 0.0 0.0 1
0.006 0.01 0.010000000000000014 1
0.006 0.02 0.02000000000000001 1
0.006 0.03 0.030000000000000044 1
0.006 0.04 0.04000000000000006 1
0.006 0.05 0.05000000000000003 1
0.006 0.06 0.06000000000000004 1
0.006 0.07 0.07000000000000003 1
0.006 0.08 0.08000000000000003 1
0.006 0.09 0.08999999999999997 1
0.006 0.1 0.09999999999999983 1
0.006 0.11 0.10999999999999963 1
0.006 0.12 0.11999999999999908 1
0.006 0.13 0.129999999999998 1
0.006 0.14 0.1399999999999958 1
0.006 0.15 0.14999999999999122 1
0.006 0.16 0.15999999999998196 1
0.006 0.17 0.16999999999996337 1
0.006 0.18 0.17999999999992605 1
0.006 0.19 0.18999999999985243 1
0.006 0.2 0.1999999999997081 1
0.006 0.21 0.20999999999942723 1
0.006 0.22 0.21999999999888553 1
0.006 0.23 0.22999999999784917 1
0.006 0.24 0.2399999999958831 1
0.006 0.25 0.24999999999218422 1
0.006 0.26 0.2599999999852821 1
0.006 0.27 0.2699999999725101 1
0.006 0.28 0.2799999999490723 1
0.006 0.29 0.28999999990641767 1
0.006 0.3 0.29999999982943315 1
0.006 0.31 0.3099999996916395 1
0.006 0.32 0.3199999994470478 1
0.006 0.33 0.3299999990164791 1
0.006 0.34 0.3399999982648021 1
0.006 0.35000000000000003 0.3499999969634107 1
0.006 0.36 0.3599999947289529 1
0.006 0.37 0.36999999092421737 1
0.006 0.38 0.37999998449934175 1
0.006 0.39 0.3899999737398231 1
0.006 0.4 0.3999999558704656 1
0.006 0.41000000000000003 0.4099999264389259 1
0.006 0.42 0.41999987836550795 1
0.006 0.43 0.42999980049284736 1
0.006 0.44 0.43999967539408247 1
0.006 0.45 0.44999947609327884 1
0.006 0.46 0.45999916120745615 1
0.006 0.47000000000000003 0.46999866782328975 1
0.006 0.48 0.47999790115876995 1
0.006 0.49 0.4899967197135432 1
0.006 0.5 0.49999491416195707 1
0.006 0.51 0.5099921776691867 1
0.006 0.52 0.5199880645924092 1
0.006 0.53 0.5299819336470285 1
0.006 0.54 0.539972870558773 1
0.006 0.55 0.5499595839816059 1
0.006 0.56 0.5599402670485923 1
0.006 0.5700000000000001 0.56991241536844 1
0.006 0.58 0.5798725906420074 1
0.006 0.59 0.589816117442851 1
0.006 0.6 0.5997366992174432 1
0.006 0.61 0.6096259383942716 1
0.006 0.62 0.6194727448763226 1
0.006 0.63 0.6292626174058169 1
0.006 0.64 0.6389767836514855 1
0.006 0.65 0.6485911877206678 1
0.006 0.66 0.6580753184872543 1
0.006 0.67 0.6673908789678167 1
0.006 0.68 0.6764903062166036 1
0.006 0.6900000000000001 0.6853151629690198 1
0.006 0.7000000000000001 0.6937944364922902 1
0.006 0.71 0.7018427965227869 1
0.006 0.72 0.7093588822284117 1
0.006 0.73 0.7162237069682451 1
0.006 0.74 0.7222992880454476 1
0.006 0.75 0.7274276251725785 1
0.006 0.76 0.7314301642483172 1
0.006 0.77 0.7341078903787335 1
0.006 0.78 0.7352421939369319 1
0.006 0.79 0.734596644059728 1
0.006 0.8 0.731919783889261 1
0.006 0.81 0.7269490301942642 1
0.006 0.8200000000000001 0.7194157166173467 1
0.006 0.8300000000000001 0.7090512654822644 1
0.006 0.84 0.6955944096869435 1
0.006 0.85 0.6787993166016467 1
0.006 0.86 0.6584443939885302 1
0.006 0.87 0.6343414884878352 1
0.006 0.88 0.6063451254488589 1
0.006 0.89 0.5743613902525125 1
0.006 0.9 0.5383560209160718 1
0.006 0.91 0.4983612740487554 1
0.006 0.92 0.45448114424416325 1
0.006 0.93 0.40689456219222087 1
0.006 0.9400000000000001 0.35585626864644593 1
0.006 0.9500000000000001 0.301695157265024 1
0.006 0.96 0.24480999456817068 1
0.006 0.97 0.18566255331016518 1
0.006 0.98 0.12476832854880368 1
0.006 0.99 0.06268513489418756 1
0.006 1.0 2.449003066953875e-16 1
0.008 0.0 0.0 1
0.008 0.01 0.009999999999996293 1
0.008 0.02 0.019999999999991108 1
0.008 0.03 0.02999999999998249 1
0.008 0.04 0.03999999999996714 1
0.008 0.05 0.04999999999993943 1
0.008 0.06 0.059999999999889454 1
0.008 0.07 0.0699999999997997 1
0.008 0.08 0.07999999999963928 1
0.008 0.09 0.08999999999935451 1
0.008 0.1 0.09999999999885201 1
0.008 0.11 0.10999999999797092 1
0.008 0.12 0.11999999999643546 1
0.008 0.13 0.12999999999377632 1
0.008 0.14 0.13999999998919982 1
0.008 0.15 0.1499999999813725 1
0.008 0.16 0.15999999996806888 1
0.008 0.17 0.16999999994559728 1
0.008 0.18 0.17999999990787705 1
0.008 0.19 0.1899999998449535 1
0.008 0.2 0.19999999974064073 1
0.008 0.21 0.2099999995687895 1
0.008 0.22 0.2199999992874331 1
0.008 0.23 0.22999999882965916 1
0.008 0.24 0.23999999808948339 1
0.008 0.25 0.24999999690013716 1
0.008 0.26 0.25999999500093374 1
0.008 0.27 0.2699999919870651 1
0.008 0.28 0.2799999872340757 1
0.008 0.29 0.2899999797850573 1
0.008 0.3 0.29999996818337565 1
0.008 0.31 0.30999995022642685 1
0.008 0.32 0.3199999226057796 1
0.008 0.33 0.3299998803851337 1
0.008 0.34 0.33999981624858133 1
0.008 0.35000000000000003 0.3499997194261303 1
0.008 0.36 0.3599995741694018 1
0.008 0.37 0.3699993576054434 1
0.008 0.38 0.37999903673786267 1
0.008 0.39 0.3899985642885284 1
0.008 0.4 0.39999787297605793 1
0.008 0.41000000000000003 0.4099968677047361 1
0.008 0.42 0.4199954149846115 1
0.008 0.43 0.4299933287152776 1
0.008 0.44 0.43999035123726926 1
0.008 0.45 0.4499861282816064 1
0.008 0.46 0.45998017612627146 1
0.008 0.47000000000000003 0.46997183889648697 1
0.008 0.48 0.4799602335243677 1
0.008 0.49 0.4899441794171917 1
0.008 0.5 0.49992210938136444 1
0.008 0.51 0.5098919578263443 1
0.008 0.52 0.5198510217519867 1
0.008 0.53 0.529795789535084 1
0.008 0.54 0.5397217321171198 1
0.008 0.55 0.5496230509063497 1
0.008 0.56 0.5594923766044237 1
0.008 0.5700000000000001 0.569320413321446 1
0.008 0.58 0.5790955228318616 1
0.008 0.59 0.5888032447296317 1
0.008 0.6 0.5984257496478327 1
0.008 0.61 0.607941224692481 1
0.008 0.62 0.61732319286746 1
0.008 0.63 0.6265397715800022 1
0.008 0.64 0.6355528793264816 1
0.008 0.65 0.6443174043378398 1
0.008 0.66 0.6527803542344552 1
0.008 0.67 0.6608800114647043 1
0.008 0.68 0.6685451252789039 1
0.008 0.6900000000000001 0.6756941769526054 1
0.008 0.7000000000000001 0.6822347605870727 1
0.008 0.71 0.6880631266890117 1
0.008 0.72 0.6930639394300442 1
0.008 0.73 0.6971103005479676 1
0.008 0.74 0.7000640928162285 1
0.008 0.75 0.7017766934473804 1
0.008 0.76 0.7020901023508523 1
0.008 0.77 0.7008385215811719 1
0.008 0.78 0.6978504104789193 1
0.008 0.79 0.6929510259889041 1
0.008 0.8 0.6859654397071242 1
0.008 0.81 0.6767220028480948 1
0.008 0.8200000000000001 0.6650562082473385 1
0.008 0.8300000000000001 0.6508148756391817 1
0.008 0.84 0.6338605638755389 1
0.008 0.85 0.6140760927061422 1
0.008 0.86 0.5913690385217774 1
0.008 0.87 0.5656760543578333 1
0.008 0.88 0.5369668556605742 1
0.008 0.89 0.5052477108454587 1
0.008 0.9 0.4705642802715808 1
0.008 0.91 0.4330036593236864 1
0.008 0.92 0.39269550084009713 1
0.008 0.93 0.3498121187260702 1
0.008 0.9400000000000001 0.3045675073844022 1
0.008 0.9500000000000001 0.25721524930117745 1
0.008 0.96 0.208045324108205 1
0.008 0.97 0.15737987479259952 1
0.008 0.98 0.10556802835710723 1
0.008 0.99 0.052979907025859065 1
0.008 1.0 2.0679444407257468e-16 1
