0.0 0.0 -6.452127786042705e-15 1
0.0 0.01 0.010000000000001251 1
0.0 0.02 0.020000000000001177 1
0.0 0.03 0.029999999999996797 1
0.0 0.04 0.04000000000000219 1
0.0 0.05 0.049999999999999774 1
0.0 0.06 0.060000000000006215 1
0.0 0.07 0.06999999999999686 1
0.0 0.08 0.0799999999999994 1
0.0 0.09 0.09000000000000073 1
0.0 0.1 0.09999999999999737 1
0.0 0.11 0.1099999999999966 1
0.0 0.12 0.12000000000000507 1
0.0 0.13 0.130000000000002 1
0.0 0.14 0.13999999999999618 1
0.0 0.15 0.15000000000000252 1
0.0 0.16 0.16000000000000017 1
0.0 0.17 0.1699999999999933 1
0.0 0.18 0.18000000000000052 1
0.0 0.19 0.1900000000000056 1
0.0 0.2 0.19999999999999793 1
0.0 0.21 0.2099999999999996 1
0.0 0.22 0.2200000000000009 1
0.0 0.23 0.23000000000000131 1
0.0 0.24 0.23999999999999896 1
0.0 0.25 0.25000000000000666 1
0.0 0.26 0.25999999999999335 1
0.0 0.27 0.26999999999999896 1
0.0 0.28 0.2800000000000001 1
0.0 0.29 0.28999999999999804 1
0.0 0.3 0.30000000000000165 1
0.0 0.31 0.3100000000000012 1
0.0 0.32 0.3199999999999986 1
0.0 0.33 0.32999999999999985 1
0.0 0.34 0.33999999999999975 1
0.0 0.35000000000000003 0.35000000000000203 1
0.0 0.36 0.3599999999999974 1
0.0 0.37 0.37000000000000377 1
0.0 0.38 0.3799999999999979 1
0.0 0.39 0.3900000000000006 1
0.0 0.4 0.39999999999999775 1
0.0 0.41000000000000003 0.4100000000000054 1
0.0 0.42 0.42000000000000015 1
0.0 0.43 0.4299999999999966 1
0.0 0.44 0.4399999999999991 1
0.0 0.45 0.4500000000000014 1
0.0 0.46 0.45999999999999597 1
0.0 0.47000000000000003 0.4700000000000002 1
0.0 0.48 0.480000000000002 1
0.0 0.49 0.4899999999999989 1
0.0 0.5 0.5000000000000023 1
0.0 0.51 0.51 1
0.0 0.52 0.5200000000000008 1
0.0 0.53 0.530000000000002 1
0.0 0.54 0.539999999999998 1
0.0 0.55 0.5500000000000024 1
0.0 0.56 0.559999999999999 1
0.0 0.5700000000000001 0.5700000000000014 1
0.0 0.58 0.5800000000000042 1
0.0 0.59 0.5899999999999984 1
0.0 0.6 0.5999999999999981 1
0.0 0.61 0.6099999999999957 1
0.0 0.62 0.6200000000000042 1
0.0 0.63 0.6299999999999972 1
0.0 0.64 0.6399999999999981 1
0.0 0.65 0.6500000000000025 1
0.0 0.66 0.6600000000000046 1
0.0 0.67 0.6699999999999927 1
0.0 0.68 0.680000000000006 1
0.0 0.6900000000000001 0.689999999999997 1
0.0 0.7000000000000001 0.7000000000000013 1
0.0 0.71 0.7100000000000058 1
0.0 0.72 0.7199999999999978 1
0.0 0.73 0.7299999999999985 1
0.0 0.74 0.7399999999999957 1
0.0 0.75 0.750000000000006 1
0.0 0.76 0.759999999999999 1
0.0 0.77 0.7699999999999932 1
0.0 0.78 0.7800000000000026 1
0.0 0.79 0.7900000000000001 1
0.0 0.8 0.7999999999999984 1
0.0 0.81 0.8099999999999978 1
0.0 0.8200000000000001 0.8200000000000034 1
0.0 0.8300000000000001 0.8300000000000015 1
0.0 0.84 0.8400000000000054 1
0.0 0.85 0.8499999999999958 1
0.0 0.86 0.8600000000000024 1
0.0 0.87 0.8699999999999944 1
0.0 0.88 0.8800000000000048 1
0.0 0.89 0.8899999999999999 1
0.0 0.9 0.899999999999993 1
0.0 0.91 0.9099999999999998 1
0.0 0.92 0.9199999999999984 1
0.0 0.93 0.9300000000000042 1
0.0 0.9400000000000001 0.9399999999999931 1
0.0 0.9500000000000001 0.9500000000000096 1
0.0 0.96 0.9600000000000056 1
0.0 0.97 0.9699999999999904 1
0.0 0.98 0.9800000000000044 1
0.0 0.99 0.9900000000000015 1
0.0 1.0 0.9999999999999875 1
0.002 0.0 0.05035738811266869 1
0.002 0.01 0.05098817124317368 1
0.002 0.02 0.05286484920690436 1
0.002 0.03 0.05594156611906521 1
0.002 0.04 0.060145615295266186 1
0.002 0.05 0.06538254756640174 1
0.002 0.06 0.07154246143104405 1
0.002 0.07 0.07850678545884261 1
0.002 0.08 0.08615487106846491 1
0.002 0.09 0.09436981493931199 1
0.002 0.1 0.10304309790516454 1
0.002 0.11 0.1120778256563535 1
0.002 0.12 0.12139055012120809 1
0.002 0.13 0.13091181008642566 1
0.002 0.14 0.14058563788289877 1
0.002 0.15 0.15036833075664102 1
0.002 0.16 0.16022678657321626 1
0.002 0.17 0.1701366666110549 1
0.002 0.18 0.18008058913351524 1
0.002 0.19 0.19004649113600733 1
0.002 0.2 0.20002623377988873 1
0.002 0.21 0.21001447679037272 1
0.002 0.22 0.22000781148827658 1
0.002 0.23 0.23000412078533575 1
0.002 0.24 0.24000212495790427 1
0.002 0.25 0.25000107099793956 1
0.002 0.26 0.2600005275246683 1
0.002 0.27 0.270000253900944 1
0.002 0.28 0.2800001194010736 1
0.002 0.29 0.29000005485707014 1
0.002 0.3 0.30000002462058684 1
0.002 0.31 0.31000001079367145 1
0.002 0.32 0.32000000462179834 1
0.002 0.33 0.3300000019328226 1
0.002 0.34 0.34000000078937365 1
0.002 0.35000000000000003 0.3500000003148147 1
0.002 0.36 0.360000000122598 1
0.002 0.37 0.3700000000466169 1
0.002 0.38 0.3800000000173065 1
0.002 0.39 0.3900000000062728 1
0.002 0.4 0.40000000000221975 1
0.002 0.41000000000000003 0.4100000000007667 1
0.002 0.42 0.42000000000025867 1
0.002 0.43 0.430000000000085 1
0.002 0.44 0.4400000000000273 1
0.002 0.45 0.4500000000000086 1
0.002 0.46 0.4600000000000027 1
0.002 0.47000000000000003 0.4700000000000008 1
0.002 0.48 0.4800000000000003 1
0.002 0.49 0.4900000000000002 1
0.002 0.5 0.5000000000000001 1
0.002 0.51 0.51 1
0.002 0.52 0.52 1
0.002 0.53 0.5299999999999994 1
0.002 0.54 0.5399999999999973 1
0.002 0.55 0.5499999999999917 1
0.002 0.56 0.5599999999999729 1
0.002 0.5700000000000001 0.5699999999999149 1
0.002 0.58 0.5799999999997417 1
0.002 0.59 0.5899999999992331 1
0.002 0.6 0.5999999999977806 1
0.002 0.61 0.6099999999937274 1
0.002 0.62 0.6199999999826937 1
0.002 0.63 0.6299999999533835 1
0.002 0.64 0.6399999998774022 1
0.002 0.65 0.6499999996851856 1
0.002 0.66 0.6599999992106266 1
0.002 0.67 0.6699999980671775 1
0.002 0.68 0.6799999953782023 1
0.002 0.6900000000000001 0.6899999892063285 1
0.002 0.7000000000000001 0.6999999753794128 1
0.002 0.71 0.7099999451429296 1
0.002 0.72 0.7199998805989265 1
0.002 0.73 0.7299997460990559 1
0.002 0.74 0.739999472475332 1
0.002 0.75 0.7499989290020607 1
0.002 0.76 0.7599978750420958 1
0.002 0.77 0.7699958792146642 1
0.002 0.78 0.7799921885117234 1
0.002 0.79 0.7899855232096272 1
0.002 0.8 0.799973766220111 1
0.002 0.81 0.8099535088639926 1
0.002 0.8200000000000001 0.8199194108664845 1
0.002 0.8300000000000001 0.8298633333889452 1
0.002 0.84 0.8397732134267836 1
0.002 0.85 0.8496316692433589 1
0.002 0.86 0.8594143621171009 1
0.002 0.87 0.869088189913574 1
0.002 0.88 0.8786094498787916 1
0.002 0.89 0.8879221743436462 1
0.002 0.9 0.8969569020948349 1
0.002 0.91 0.9056301850606876 1
0.002 0.92 0.9138451289315349 1
0.002 0.93 0.9214932145411568 1
0.002 0.9400000000000001 0.9284575385689556 1
0.002 0.9500000000000001 0.9346174524335978 1
0.002 0.96 0.9398543847047334 1
0.002 0.97 0.9440584338809345 1
0.002 0.98 0.9471351507930955 1
0.002 0.99 0.9490118287568259 1
0.002 1.0 0.9496426118873311 1
0.004 0.0 0.07129057961041463 1
0.004 0.01 0.07173661063945277 1
0.004 0.02 0.07306914572555005 1
0.004 0.03 0.0752717177790335 1
0.004 0.04 0.07831755857653085 1
0.004 0.05 0.08217057050338586 1
0.004 0.06 0.08678660354328473 1
0.004 0.07 0.09211496260469748 1
0.004 0.08 0.09810006002428781 1
0.004 0.09 0.10468312452371457 1
0.004 0.1 0.11180388091370726 1
0.004 0.11 0.11940212371523348 1
0.004 0.12 0.12741912138218364 1
0.004 0.13 0.13579880441655337 1
0.004 0.14 0.14448870868522828 1
0.004 0.15 0.1534406630526295 1
0.004 0.16 0.16261122662902355 1
0.004 0.17 0.1719618944287783 1
0.004 0.18 0.18145910036356877 1
0.004 0.19 0.1910740529977668 1
0.004 0.2 0.20078244247214982 1
0.004 0.21 0.2105640568593426 1
0.004 0.22 0.22040234355485397 1
0.004 0.23 0.2302839468403434 1
0.004 0.24 0.24019824720337113 1
0.004 0.25 0.2501369220224795 1
0.004 0.26 0.2600935413782072 1
0.004 0.27 0.270063207440116 1
0.004 0.28 0.2800422413715829 1
0.004 0.29 0.2900279181172696 1
0.004 0.3 0.3000182468093067 1
0.004 0.31 0.31001179277947744 1
0.004 0.32 0.3200075361735092 1
0.004 0.33 0.33000476177974136 1
0.004 0.34 0.3400029747521601 1
0.004 0.35000000000000003 0.35000183728183004 1
0.004 0.36 0.3600011218265489 1
0.004 0.37 0.37000067714700907 1
0.004 0.38 0.38000040404597013 1
0.004 0.39 0.3900002383159901 1
0.004 0.4 0.4000001389423901 1
0.004 0.41000000000000003 0.410000080068194 1
0.004 0.42 0.4200000456048544 1
0.004 0.43 0.43000002567195206 1
0.004 0.44 0.44000001428008756 1
0.004 0.45 0.45000000784491084 1
0.004 0.46 0.46000000424775994 1
0.004 0.47000000000000003 0.4700000022498517 1
0.004 0.48 0.48000000113113045 1
0.004 0.49 0.49000000046882114 1
0.004 0.5 0.5000000000000001 1
0.004 0.51 0.5099999995311791 1
0.004 0.52 0.5199999988688698 1
0.004 0.53 0.5299999977501485 1
0.004 0.54 0.5399999957522402 1
0.004 0.55 0.5499999921550895 1
0.004 0.56 0.5599999857199126 1
0.004 0.5700000000000001 0.5699999743280482 1
0.004 0.58 0.5799999543951458 1
0.004 0.59 0.5899999199318064 1
0.004 0.6 0.5999998610576099 1
0.004 0.61 0.6099997616840103 1
0.004 0.62 0.6199995959540301 1
0.004 0.63 0.6299993228529911 1
0.004 0.64 0.6399988781734516 1
0.004 0.65 0.64999816271817 1
0.004 0.66 0.6599970252478402 1
0.004 0.67 0.6699952382202589 1
0.004 0.68 0.6799924638264911 1
0.004 0.6900000000000001 0.6899882072205228 1
0.004 0.7000000000000001 0.6999817531906934 1
0.004 0.71 0.7099720818827301 1
0.004 0.72 0.7199577586284169 1
0.004 0.73 0.7299367925598839 1
0.004 0.74 0.7399064586217928 1
0.004 0.75 0.7498630779775206 1
0.004 0.76 0.7598017527966286 1
0.004 0.77 0.7697160531596564 1
0.004 0.78 0.779597656445146 1
0.004 0.79 0.7894359431406573 1
0.004 0.8 0.79921755752785 1
0.004 0.81 0.8089259470022332 1
0.004 0.8200000000000001 0.8185408996364312 1
0.004 0.8300000000000001 0.8280381055712218 1
0.004 0.84 0.8373887733709762 1
0.004 0.85 0.8465593369473702 1
0.004 0.86 0.8555112913147717 1
0.004 0.87 0.8642011955834462 1
0.004 0.88 0.8725808786178162 1
0.004 0.89 0.880597876284766 1
0.004 0.9 0.8881961190862925 1
0.004 0.91 0.8953168754762851 1
0.004 0.92 0.9018999399757119 1
0.004 0.93 0.9078850373953024 1
0.004 0.9400000000000001 0.9132133964567148 1
0.004 0.9500000000000001 0.9178294294966138 1
0.004 0.96 0.9216824414234689 1
0.004 0.97 0.9247282822209663 1
0.004 0.98 0.9269308542744495 1
0.004 0.99 0.9282633893605471 1
0.004 1.0 0.9287094203895853 1
0.006 0.0 0.08734315199673402 1
0.006 0.01 0.08770733480693137 1
0.006 0.02 0.08879685469461777 1
0.006 0.03 0.09060270137790745 1
0.006 0.04 0.0931101057608211 1
0.006 0.05 0.09629890126927082 1
0.006 0.06 0.10014400890612156 1
0.006 0.07 0.10461602664219978 1
0.006 0.08 0.109681900149966 1
0.006 0.09 0.1153056495270831 1
0.006 0.1 0.12144912563094107 1
0.006 0.11 0.1280727699454045 1
0.006 0.12 0.13513635343599137 1
0.006 0.13 0.14259967245438163 1
0.006 0.14 0.15042318320574807 1
0.006 0.15 0.15856856033415206 1
0.006 0.16 0.1669991695377808 1
0.006 0.17 0.17568044852789058 1
0.006 0.18 0.1845801948474253 1
0.006 0.19 0.19366876286023613 1
0.006 0.2 0.20291917545130758 1
0.006 0.21 0.21230715853801546 1
0.006 0.22 0.2218111083324908 1
0.006 0.23 0.23141200241673177 1
0.006 0.24 0.24109326614002244 1
0.006 0.25 0.2508406057016158 1
0.006 0.26 0.26064181864331776 1
0.006 0.27 0.2704865914622304 1
0.006 0.28 0.28036629278213276 1
0.006 0.29 0.2902737691057801 1
0.006 0.3 0.30020314871071685 1
0.006 0.31 0.3101496578322146 1
0.006 0.32 0.32010945196393004 1
0.006 0.33 0.3300794639454877 1
0.006 0.34 0.34005726952361603 1
0.006 0.35000000000000003 0.35004097028052883 1
0.006 0.36 0.3600290932172976 1
0.006 0.37 0.37002050584813745 1
0.006 0.38 0.3800143453838982 1
0.006 0.39 0.39000996043565084 1
0.006 0.4 0.4000068636265801 1
0.006 0.41000000000000003 0.4100046935374089 1
0.006 0.42 0.4200031845042156 1
0.006 0.43 0.43000214291755934 1
0.006 0.44 0.44000142882144144 1
0.006 0.45 0.45000094176641275 1
0.006 0.46 0.4600006100229391 1
0.006 0.47000000000000003 0.4700003824017374 1
0.006 0.48 0.48000022205234544 1
0.006 0.49 0.490000101716761 1
0.006 0.5 0.5000000000000001 1
0.006 0.51 0.5099998982832393 1
0.006 0.52 0.5199997779476547 1
0.006 0.53 0.5299996175982629 1
0.006 0.54 0.5399993899770611 1
0.006 0.55 0.5499990582335876 1
0.006 0.56 0.5599985711785589 1
0.006 0.5700000000000001 0.5699978570824408 1
0.006 0.58 0.5799968154957845 1
0.006 0.59 0.5899953064625912 1
0.006 0.6 0.5999931363734199 1
0.006 0.61 0.6099900395643495 1
0.006 0.62 0.619985654616102 1
0.006 0.63 0.6299794941518625 1
0.006 0.64 0.6399709067827026 1
0.006 0.65 0.6499590297194715 1
0.006 0.66 0.6599427304763843 1
0.006 0.67 0.6699205360545127 1
0.006 0.68 0.6798905480360701 1
0.006 0.6900000000000001 0.6898503421677855 1
0.006 0.7000000000000001 0.6997968512892832 1
0.006 0.71 0.7097262308942198 1
0.006 0.72 0.7196337072178672 1
0.006 0.73 0.7295134085377692 1
0.006 0.74 0.7393581813566825 1
0.006 0.75 0.7491593942983841 1
0.006 0.76 0.7589067338599775 1
0.006 0.77 0.7685879975832682 1
0.006 0.78 0.7781888916675092 1
0.006 0.79 0.7876928414619845 1
0.006 0.8 0.7970808245486923 1
0.006 0.81 0.8063312371397638 1
0.006 0.8200000000000001 0.8154198051525745 1
0.006 0.8300000000000001 0.8243195514721092 1
0.006 0.84 0.833000830462219 1
0.006 0.85 0.8414314396658477 1
0.006 0.86 0.849576816794252 1
0.006 0.87 0.8574003275456182 1
0.006 0.88 0.8648636465640084 1
0.006 0.89 0.8719272300545954 1
0.006 0.9 0.8785508743690587 1
0.006 0.91 0.8846943504729168 1
0.006 0.92 0.8903180998500337 1
0.006 0.93 0.8953839733578 1
0.006 0.9400000000000001 0.8998559910938781 1
0.006 0.9500000000000001 0.9037010987307288 1
0.006 0.96 0.9068898942391787 1
0.006 0.97 0.9093972986220922 1
0.006 0.98 0.9112031453053819 1
0.006 0.99 0.9122926651930684 1
0.006 1.0 0.9126568480032657 1
0.008 0.0 0.10087271918105124 1
0.008 0.01 0.10118811074630372 1
0.008 0.02 0.10213231732156836 1
0.008 0.03 0.10369947131344576 1
0.008 0.04 0.10587991481741998 1
0.008 0.05 0.10866037779560911 1
0.008 0.06 0.11202421980344228 1
0.008 0.07 0.11595172794329492 1
0.008 0.08 0.12042046217795972 1
0.008 0.09 0.12540563796008972 1
0.008 0.1 0.13088053536442054 1
0.008 0.11 0.13681692356549835 1
0.008 0.12 0.14318548958128913 1
0.008 0.13 0.14995626067863857 1
0.008 0.14 0.1570990106683213 1
0.008 0.15 0.16458364144885804 1
0.008 0.16 0.17238053252207167 1
0.008 0.17 0.1804608527257302 1
0.008 0.18 0.18879683003376718 1
0.008 0.19 0.19736197688883456 1
0.008 0.2 0.2061312700876281 1
0.008 0.21 0.21508128567778984 1
0.008 0.22 0.224190290598782 1
0.008 0.23 0.23343829387311682 1
0.008 0.24 0.24280706100699867 1
0.008 0.25 0.25228009588192357 1
0.008 0.26 0.261842594813949 1
0.008 0.27 0.2714813776382668 1
0.008 0.28 0.2811848006646497 1
0.008 0.29 0.29094265617154924 1
0.008 0.3 0.3007460627941311 1
0.008 0.31 0.3105873507469582 1
0.008 0.32 0.3204599453377117 1
0.008 0.33 0.330358251704652 1
0.008 0.34 0.34027754317470854 1
0.008 0.35000000000000003 0.3502138551143126 1
0.008 0.36 0.3601638856499879 1
0.008 0.37 0.37012490418423033 1
0.008 0.38 0.38009466823369664 1
0.008 0.39 0.39007134877633665 1
0.008 0.4 0.400053464013317 1
0.008 0.41000000000000003 0.4100398212288145 1
0.008 0.42 0.42002946626200427 1
0.008 0.43 0.430021639985144 1
0.008 0.44 0.4400157411027389 1
0.008 0.45 0.45001129454197786 1
0.008 0.46 0.460007924686498 1
0.008 0.47000000000000003 0.4700053327068457 1
0.008 0.48 0.4800032772551293 1
0.008 0.49 0.49000155781237276 1
0.008 0.5 0.5000000000000001 1
0.008 0.51 0.5099984421876272 1
0.008 0.52 0.5199967227448709 1
0.008 0.53 0.5299946672931545 1
0.008 0.54 0.5399920753135022 1
0.008 0.55 0.5499887054580225 1
0.008 0.56 0.5599842588972616 1
0.008 0.5700000000000001 0.5699783600148561 1
0.008 0.58 0.5799705337379956 1
0.008 0.59 0.5899601787711856 1
0.008 0.6 0.5999465359866832 1
0.008 0.61 0.6099286512236634 1
0.008 0.62 0.6199053317663034 1
0.008 0.63 0.62987509581577 1
0.008 0.64 0.6398361143500123 1
0.008 0.65 0.6497861448856876 1
0.008 0.66 0.6597224568252918 1
0.008 0.67 0.6696417482953482 1
0.008 0.68 0.6795400546622884 1
0.008 0.6900000000000001 0.6894126492530417 1
0.008 0.7000000000000001 0.6992539372058689 1
0.008 0.71 0.7090573438284508 1
0.008 0.72 0.7188151993353503 1
0.008 0.73 0.728518622361733 1
0.008 0.74 0.7381574051860511 1
0.008 0.75 0.7477199041180763 1
0.008 0.76 0.7571929389930011 1
0.008 0.77 0.7665617061268831 1
0.008 0.78 0.775809709401218 1
0.008 0.79 0.78491871432221 1
0.008 0.8 0.7938687299123717 1
0.008 0.81 0.8026380231111654 1
0.008 0.8200000000000001 0.8112031699662328 1
0.008 0.8300000000000001 0.8195391472742698 1
0.008 0.84 0.8276194674779283 1
0.008 0.85 0.8354163585511417 1
0.008 0.86 0.8429009893316786 1
0.008 0.87 0.8500437393213612 1
0.008 0.88 0.8568145104187107 1
0.008 0.89 0.8631830764345015 1
0.008 0.9 0.8691194646355793 1
0.008 0.91 0.8745943620399101 1
0.008 0.92 0.87957953782204 1
0.008 0.93 0.8840482720567051 1
0.008 0.9400000000000001 0.8879757801965575 1
0.008 0.9500000000000001 0.8913396222043908 1
0.008 0.96 0.8941200851825799 1
0.008 0.97 0.896300528686554 1
0.008 0.98 0.8978676826784314 1
0.008 0.99 0.8988118892536962 1
0.008 1.0 0.8991272808189484 1
