0.0 0.0 0.0 1
0.0 0.01 0.01000078512492613 1
0.0 0.02 0.01999842875184626 1
0.0 0.03 0.030002354599675898 1
0.0 0.04 0.0399968590536909 1
0.0 0.05 0.05000392174991414 1
0.0 0.06 0.05999529245399636 1
0.0 0.07 0.07000548502850883 1
0.0 0.08 0.07999373049816529 1
0.0 0.09 0.09000704289215605 1
0.0 0.1 0.09999217472702272 1
0.0 0.11 0.11000859380289246 1
0.0 0.12 0.11999062667530086 1
0.0 0.13 0.13001013622962412 1
0.0 0.14 0.1399890878700731 1
0.0 0.15 0.15001166864963966 1
0.0 0.16 0.1599875598293339 1
0.0 0.17 0.17001318955007025 1
0.0 0.18 0.17998604406040425 1
0.0 0.19 0.19001469742946797 1
0.0 0.2 0.19998454205853133 1
0.0 0.21 0.21001619079920816 1
0.0 0.22 0.2199830553053308 1
0.0 0.23 0.23001766818500197 1
0.0 0.24 0.23998158526740174 1
0.0 0.25 0.2500191281283461 1
0.0 0.26 0.25998013339481524 1
0.0 0.27 0.2700205691879412 1
0.0 0.28 0.27997870111971346 1
0.0 0.29 0.2900219899411493 1
0.0 0.3 0.2999772898548826 1
0.0 0.31 0.31002338898536225 1
0.0 0.32 0.3199759009923914 1
0.0 0.33 0.33002476493945826 1
0.0 0.34 0.3399745359021393 1
0.0 0.35000000000000003 0.3500261164450411 1
0.0 0.36 0.35997319593059734 1
0.0 0.37 0.37002744216793754 1
0.0 0.38 0.37997188239937363 1
0.0 0.39 0.39002874079938266 1
0.0 0.4 0.3999705966040271 1
0.0 0.41000000000000003 0.4100300110574051 1
0.0 0.42 0.41996933981265483 1
0.0 0.43 0.43003125168806233 1
0.0 0.44 0.43996811326471963 1
0.0 0.45 0.45003246146667 1
0.0 0.46 0.4599669181698023 1
0.0 0.47000000000000003 0.47003363919907626 1
0.0 0.48 0.4799657557063792 1
0.0 0.49 0.4900347837227747 1
0.0 0.5 0.4999646270206488 1
0.0 0.51 0.5100358939081209 1
0.0 0.52 0.5199635332254139 1
0.0 0.53 0.5300369686594586 1
0.0 0.54 0.5399624753989458 1
0.0 0.55 0.5500380069162143 1
0.0 0.56 0.5599614545838545 1
0.0 0.5700000000000001 0.5700390076539618 1
0.0 0.58 0.579960471786091 1
0.0 0.59 0.5900399698854961 1
0.0 0.6 0.5999595279738317 1
0.0 0.61 0.6100408926619003 1
0.0 0.62 0.6199586240765284 1
0.0 0.63 0.6300417750734977 1
0.0 0.64 0.6399577609838226 1
0.0 0.65 0.6500426162509032 1
0.0 0.66 0.6599569395445665 1
0.0 0.67 0.6700434153660332 1
0.0 0.68 0.6799561605658178 1
0.0 0.6900000000000001 0.6900441716331821 1
0.0 0.7000000000000001 0.6999554248116532 1
0.0 0.71 0.7100448843101567 1
0.0 0.72 0.7199547330020697 1
0.0 0.73 0.7300455526995098 1
0.0 0.74 0.7399540858115489 1
0.0 0.75 0.7500461761501936 1
0.0 0.76 0.7599534838672518 1
0.0 0.77 0.7700467540595052 1
0.0 0.78 0.7799529277466364 1
0.0 0.79 0.7900472858761216 1
0.0 0.8 0.7999524179737384 1
0.0 0.81 0.8100477711048609 1
0.0 0.8200000000000001 0.819951955012914 1
0.0 0.8300000000000001 0.8300482093149046 1
0.0 0.84 0.839951539257594 1
0.0 0.85 0.8500486001557106 1
0.0 0.86 0.8599511710074133 1
0.0 0.87 0.8700489433904001 1
0.0 0.88 0.8799508504181234 1
0.0 0.89 0.8900492389737532 1
0.0 0.9 0.8999505773761617 1
0.0 0.91 0.9100494872609355 1
0.0 0.92 0.9199503511352706 1
0.0 0.93 0.9300496896750249 1
0.0 0.9400000000000001 0.9399501690085196 1
0.0 0.9500000000000001 0.9500498514893322 1
0.0 0.96 0.9599500197694874 1
0.0 0.97 0.970050000071116 1
0.0 0.98 0.9799498194670995 1
0.0 0.99 0.9900505488384441 1
0.0 1.0 0.99995201803566 1
0.002 0.0 0.0 1
0.002 0.01 0.009999999701976906 1
0.002 0.02 0.019999999403953802 1
0.002 0.03 0.029999999105930694 1
0.002 0.04 0.039999998807907576 1
0.002 0.05 0.04999999850988439 1
0.002 0.06 0.05999999821186119 1
0.002 0.07 0.06999999791383801 1
0.002 0.08 0.07999999761581475 1
0.002 0.09 0.08999999731779142 1
0.002 0.1 0.09999999701976822 1
0.002 0.11 0.10999999672174489 1
0.002 0.12 0.11999999642372158 1
0.002 0.13 0.12999999612569837 1
0.002 0.14 0.13999999582767494 1
0.002 0.15 0.1499999955296517 1
0.002 0.16 0.15999999523162853 1
0.002 0.17 0.1699999949336052 1
0.002 0.18 0.17999999463558183 1
0.002 0.19 0.18999999433755868 1
0.002 0.2 0.19999999403953542 1
0.002 0.21 0.20999999374151226 1
0.002 0.22 0.21999999344348897 1
0.002 0.23 0.22999999314546593 1
0.002 0.24 0.23999999284744275 1
0.002 0.25 0.2499999925494196 1
0.002 0.26 0.2599999922513962 1
0.002 0.27 0.2699999919533734 1
0.002 0.28 0.27999999165534983 1
0.002 0.29 0.28999999135732674 1
0.002 0.3 0.2999999910593035 1
0.002 0.31 0.30999999076128043 1
0.002 0.32 0.31999999046325717 1
0.002 0.33 0.32999999016523396 1
0.002 0.34 0.33999998986721075 1
0.002 0.35000000000000003 0.34999998956918743 1
0.002 0.36 0.35999998927116444 1
0.002 0.37 0.3699999889731411 1
0.002 0.38 0.3799999886751178 1
0.002 0.39 0.3899999883770946 1
0.002 0.4 0.39999998807907144 1
0.002 0.41000000000000003 0.4099999877810482 1
0.002 0.42 0.4199999874830249 1
0.002 0.43 0.4299999871850017 1
0.002 0.44 0.4399999868869783 1
0.002 0.45 0.4499999865889554 1
0.002 0.46 0.4599999862909323 1
0.002 0.47000000000000003 0.46999998599290904 1
0.002 0.48 0.4799999856948858 1
0.002 0.49 0.4899999853968624 1
0.002 0.5 0.4999999850988392 1
0.002 0.51 0.509999984800816 1
0.002 0.52 0.5199999845027926 1
0.002 0.53 0.5299999842047685 1
0.002 0.54 0.539999983906744 1
0.002 0.55 0.5499999836087145 1
0.002 0.56 0.5599999833106724 1
0.002 0.5700000000000001 0.5699999830125916 1
0.002 0.58 0.5799999827143949 1
0.002 0.59 0.5899999824158634 1
0.002 0.6 0.5999999821163878 1
0.002 0.61 0.6099999818143119 1
0.002 0.62 0.6199999815052563 1
0.002 0.63 0.6299999811779283 1
0.002 0.64 0.6399999808039347 1
0.002 0.65 0.6499999803137207 1
0.002 0.66 0.6599999795411982 1
0.002 0.67 0.6699999780998624 1
0.002 0.68 0.6799999751131625 1
0.002 0.6900000000000001 0.6899999686439088 1
0.002 0.7000000000000001 0.6999999545203132 1
0.002 0.71 0.7099999239885431 1
0.002 0.72 0.7199998591519485 1
0.002 0.73 0.7299997243645598 1
0.002 0.74 0.7399994504626013 1
0.002 0.75 0.7499989067276187 1
0.002 0.76 0.7599978525345183 1
0.002 0.77 0.7699958565219784 1
0.002 0.78 0.7799921657123184 1
0.002 0.79 0.7899855004277119 1
0.002 0.8 0.7999737436466305 1
0.002 0.81 0.809953486783536 1
0.002 0.8200000000000001 0.8199193896899377 1
0.002 0.8300000000000001 0.8298633136903744 1
0.002 0.84 0.8397731959813134 1
0.002 0.85 0.8496316550607428 1
0.002 0.86 0.8594143524636214 1
0.002 0.87 0.8690881863132961 1
0.002 0.88 0.87860945408469 1
0.002 0.89 0.8879221882703463 1
0.002 0.9 0.8969569277080752 1
0.002 0.91 0.9056302242242649 1
0.002 0.92 0.9138451832199096 1
0.002 0.93 0.9214932850340565 1
0.002 0.9400000000000001 0.928457625651608 1
0.002 0.9500000000000001 0.9346175556308666 1
0.002 0.96 0.9398545025777562 1
0.002 0.97 0.9440585640100279 1
0.002 0.98 0.9471352898606719 1
0.002 0.99 0.9490119727303042 1
0.002 1.0 0.9496427562867837 1
0.004 0.0 0.0 1
0.004 0.01 0.009999999701976825 1
0.004 0.02 0.019999999403953646 1
0.004 0.03 0.029999999105930472 1
0.004 0.04 0.039999998807907285 1
0.004 0.05 0.04999999850988412 1
0.004 0.06 0.059999998211860896 1
0.004 0.07 0.0699999979138377 1
0.004 0.08 0.0799999976158145 1
0.004 0.09 0.08999999731779126 1
0.004 0.1 0.09999999701976803 1
0.004 0.11 0.10999999672174475 1
0.004 0.12 0.11999999642372156 1
0.004 0.13 0.12999999612569824 1
0.004 0.14 0.1399999958276751 1
0.004 0.15 0.14999999552965176 1
0.004 0.16 0.15999999523162856 1
0.004 0.17 0.16999999493360535 1
0.004 0.18 0.17999999463558206 1
0.004 0.19 0.1899999943375589 1
0.004 0.2 0.1999999940395356 1
0.004 0.21 0.2099999937415124 1
0.004 0.22 0.21999999344348922 1
0.004 0.23 0.22999999314546607 1
0.004 0.24 0.23999999284744267 1
0.004 0.25 0.2499999925494195 1
0.004 0.26 0.25999999225139625 1
0.004 0.27 0.2699999919533732 1
0.004 0.28 0.2799999916553498 1
0.004 0.29 0.2899999913573266 1
0.004 0.3 0.2999999910593035 1
0.004 0.31 0.30999999076128015 1
0.004 0.32 0.3199999904632568 1
0.004 0.33 0.3299999901652331 1
0.004 0.34 0.33999998986720903 1
0.004 0.35000000000000003 0.34999998956918354 1
0.004 0.36 0.35999998927115495 1
0.004 0.37 0.36999998897311936 1
0.004 0.38 0.37999998867506896 1
0.004 0.39 0.38999998837698563 1
0.004 0.4 0.3999999880788316 1
0.004 0.41000000000000003 0.4099999877805264 1
0.004 0.42 0.4199999874819039 1
0.004 0.43 0.4299999871826218 1
0.004 0.44 0.439999986881986 1
0.004 0.45 0.44999998657860735 1
0.004 0.46 0.45999998626974015 1
0.004 0.47000000000000003 0.4699999859500248 1
0.004 0.48 0.4799999856091363 1
0.004 0.49 0.48999998522743576 1
0.004 0.5 0.4999999847680444 1
0.004 0.51 0.5099999841625971 1
0.004 0.52 0.5199999832859818 1
0.004 0.53 0.5299999819121664 1
0.004 0.54 0.5399999796380357 1
0.004 0.55 0.5499999757538911 1
0.004 0.56 0.5599999690263643 1
0.004 0.5700000000000001 0.569999957339625 1
0.004 0.58 0.5799999371108534 1
0.004 0.59 0.5899999023515636 1
0.004 0.6 0.5999998431820224 1
0.004 0.61 0.6099997435143755 1
0.004 0.62 0.6199995774925224 1
0.004 0.63 0.6299993041030074 1
0.004 0.64 0.6399988591401427 1
0.004 0.65 0.6499981434091993 1
0.004 0.66 0.659997005674432 1
0.004 0.67 0.6699952183986103 1
0.004 0.68 0.6799924437796292 1
0.004 0.6900000000000001 0.689988186980706 1
0.004 0.7000000000000001 0.6999817328024364 1
0.004 0.71 0.7099720614065324 1
0.004 0.72 0.7199577381452419 1
0.004 0.73 0.7299367721763893 1
0.004 0.74 0.7399064384762445 1
0.004 0.75 0.7498630582462368 1
0.004 0.76 0.7598017337006898 1
0.004 0.77 0.7697160349714831 1
0.004 0.78 0.7795976394944222 1
0.004 0.79 0.7894359278189371 1
0.004 0.8 0.799217544291073 1
0.004 0.81 0.8089259363703142 1
0.004 0.8200000000000001 0.8185408921890697 1
0.004 0.8300000000000001 0.8280381019391579 1
0.004 0.84 0.8373887742220789 1
0.004 0.85 0.8465593429672293 1
0.004 0.86 0.8555113031818299 1
0.004 0.87 0.8642012139391758 1
0.004 0.88 0.8725809040329457 1
0.004 0.89 0.880597909223102 1
0.004 0.9 0.8881961598681423 1
0.004 0.91 0.8953169242438737 1
0.004 0.92 0.9018999966631903 1
0.004 0.93 0.9078851017059447 1
0.004 0.9400000000000001 0.9132134678496787 1
0.004 0.9500000000000001 0.9178295071851419 1
0.004 0.96 0.9216825243857206 1
0.004 0.97 0.92472836922379 1
0.004 0.98 0.9269309439094318 1
0.004 0.99 0.9282634800907098 1
0.004 1.0 0.9287095106042108 1
0.006 0.0 0.0 1
0.006 0.01 0.009999999701976799 1
0.006 0.02 0.0199999994039536 1
0.006 0.03 0.02999999910593041 1
0.006 0.04 0.03999999880790721 1
0.006 0.05 0.049999998509884014 1
0.006 0.06 0.05999999821186082 1
0.006 0.07 0.06999999791383756 1
0.006 0.08 0.07999999761581437 1
0.006 0.09 0.08999999731779114 1
0.006 0.1 0.09999999701976799 1
0.006 0.11 0.10999999672174472 1
0.006 0.12 0.11999999642372151 1
0.006 0.13 0.12999999612569826 1
0.006 0.14 0.13999999582767494 1
0.006 0.15 0.14999999552965176 1
0.006 0.16 0.15999999523162833 1
0.006 0.17 0.1699999949336049 1
0.006 0.18 0.17999999463558114 1
0.006 0.19 0.18999999433755696 1
0.006 0.2 0.1999999940395318 1
0.006 0.21 0.2099999937415047 1
0.006 0.22 0.21999999344347373 1
0.006 0.23 0.22999999314543595 1
0.006 0.24 0.23999999284738444 1
0.006 0.25 0.24999999254930722 1
0.006 0.26 0.25999999225118176 1
0.006 0.27 0.2699999919529666 1
0.006 0.28 0.2799999916545856 1
0.006 0.29 0.2899999913559015 1
0.006 0.3 0.29999999105666764 1
0.006 0.31 0.30999999075644397 1
0.006 0.32 0.3199999904544542 1
0.006 0.33 0.32999999014933895 1
0.006 0.34 0.3399999898387382 1
0.006 0.35000000000000003 0.3499999895185904 1
0.006 0.36 0.35999998918196285 1
0.006 0.37 0.36999998881712765 1
0.006 0.38 0.3799999884044088 1
0.006 0.39 0.38999998791108087 1
0.006 0.4 0.3999999872831799 1
0.006 0.41000000000000003 0.40999998643247826 1
0.006 0.42 0.41999998521596754 1
0.006 0.43 0.4299999834038305 1
0.006 0.44 0.4399999806299183 1
0.006 0.45 0.4499999763158859 1
0.006 0.46 0.45999996955608025 1
0.006 0.47000000000000003 0.46999995894451735 1
0.006 0.48 0.4799999423173081 1
0.006 0.49 0.4899999163728721 1
0.006 0.5 0.4999998761173749 1
0.006 0.51 0.5099998140628107 1
0.006 0.52 0.5199997190787684 1
0.006 0.53 0.529999574764552 1
0.006 0.54 0.5399993571642836 1
0.006 0.55 0.5499990315920859 1
0.006 0.56 0.5599985482655624 1
0.006 0.5700000000000001 0.5699978363620253 1
0.006 0.58 0.5799967960119372 1
0.006 0.59 0.5899952876275046 1
0.006 0.6 0.5999931178317711 1
0.006 0.61 0.6099900211072549 1
0.006 0.62 0.61998563612727 1
0.006 0.63 0.6299794755744559 1
0.006 0.64 0.6399708880994324 1
0.006 0.65 0.6499590109411016 1
0.006 0.66 0.6599427116355633 1
0.006 0.67 0.6699205172029667 1
0.006 0.68 0.6798905292439186 1
0.006 0.6900000000000001 0.6898503235241668 1
0.006 0.7000000000000001 0.6997968329037689 1
0.006 0.71 0.7097262128986339 1
0.006 0.72 0.7196336897682284 1
0.006 0.73 0.7295133918161046 1
0.006 0.74 0.7393581655724875 1
0.006 0.75 0.749159379689503 1
0.006 0.76 0.758906720692675 1
0.006 0.77 0.7685879861512822 1
0.006 0.78 0.7781888822898723 1
0.006 0.79 0.7876928344794399 1
0.006 0.8 0.797080820318564 1
0.006 0.81 0.8063312360292039 1
0.006 0.8200000000000001 0.815419807530181 1
0.006 0.8300000000000001 0.8243195576979967 1
0.006 0.84 0.8330008408767262 1
0.006 0.85 0.8414314545771635 1
0.006 0.86 0.8495768364653515 1
0.006 0.87 0.8574003521809901 1
0.006 0.88 0.8648636762967358 1
0.006 0.89 0.8719272649344074 1
0.006 0.9 0.8785509143519884 1
0.006 0.91 0.8846943954131927 1
0.006 0.92 0.8903181494947767 1
0.006 0.93 0.8953840273450049 1
0.006 0.9400000000000001 0.8998560489540315 1
0.006 0.9500000000000001 0.9037011598922489 1
0.006 0.96 0.9068899580376846 1
0.006 0.97 0.9093973643133144 1
0.006 0.98 0.9112032120813213 1
0.006 0.99 0.9122927322008495 1
0.006 1.0 0.9126569143659604 1
0.008 0.0 0.0 1
0.008 0.01 0.009999999701976733 1
0.008 0.02 0.019999999403953455 1
0.008 0.03 0.02999999910593012 1
0.008 0.04 0.03999999880790665 1
0.008 0.05 0.049999998509883035 1
0.008 0.06 0.05999999821185906 1
0.008 0.07 0.06999999791383442 1
0.008 0.08 0.07999999761580863 1
0.008 0.09 0.08999999731778077 1
0.008 0.1 0.09999999701974928 1
0.008 0.11 0.10999999672171137 1
0.008 0.12 0.11999999642366224 1
0.008 0.13 0.12999999612559368 1
0.008 0.14 0.13999999582749134 1
0.008 0.15 0.14999999552933116 1
0.008 0.16 0.15999999523107233 1
0.008 0.17 0.16999999493264614 1
0.008 0.18 0.1799999946339379 1
0.008 0.19 0.18999999433475734 1
0.008 0.2 0.19999999403479074 1
0.008 0.21 0.20999999373352388 1
0.008 0.22 0.21999999343012036 1
0.008 0.23 0.22999999312322675 1
0.008 0.24 0.23999999281066797 1
0.008 0.25 0.24999999248897115 1
0.008 0.26 0.25999999215262626 1
0.008 0.27 0.2699999917929468 1
0.008 0.28 0.27999999139632636 1
0.008 0.29 0.28999999094158985 1
0.008 0.3 0.2999999903959934 1
0.008 0.31 0.3099999897092298 1
0.008 0.32 0.319999988804504 1
0.008 0.33 0.3299999875653419 1
0.008 0.34 0.33999998581622504 1
0.008 0.35000000000000003 0.3499999832943637 1
0.008 0.36 0.35999997960884395 1
0.008 0.37 0.3699999741819152 1
0.008 0.38 0.3799999661652134 1
0.008 0.39 0.38999995432107176 1
0.008 0.4 0.39999993685558055 1
0.008 0.41000000000000003 0.4099999111854681 1
0.008 0.42 0.4199998736149413 1
0.008 0.43 0.42999981889097083 1
0.008 0.44 0.43999973959581024 1
0.008 0.45 0.44999962532331406 1
0.008 0.46 0.4599994615704513 1
0.008 0.47000000000000003 0.4699992282567601 1
0.008 0.48 0.47999889776187293 1
0.008 0.49 0.4899984323441735 1
0.008 0.5 0.4999977807716971 1
0.008 0.51 0.5099968739592773 1
0.008 0.52 0.5199956193635393 1
0.008 0.53 0.5299938938398052 1
0.008 0.54 0.5399915346128343 1
0.008 0.55 0.5499883279575011 1
0.008 0.56 0.55998399512759 1
0.008 0.5700000000000001 0.5699781750130227 1
0.008 0.58 0.5799704029509681 1
0.008 0.59 0.5899600850681977 1
0.008 0.6 0.5999464674953076 1
0.008 0.61 0.6099285997734621 1
0.008 0.62 0.6199052917772884 1
0.008 0.63 0.6298750635101042 1
0.008 0.64 0.6398360871968872 1
0.008 0.65 0.6497861212131812 1
0.008 0.66 0.6597224355509165 1
0.008 0.67 0.6696417287403377 1
0.008 0.68 0.6795400364245057 1
0.008 0.6900000000000001 0.6894126321205979 1
0.008 0.7000000000000001 0.6992539210987525 1
0.008 0.71 0.7090573287592428 1
0.008 0.72 0.7188151853827707 1
0.008 0.73 0.7285186096526793 1
0.008 0.74 0.738157393883125 1
0.008 0.75 0.7477198944105384 1
0.008 0.76 0.7571929310897463 1
0.008 0.77 0.7665617002504899 1
0.008 0.78 0.7758097057824538 1
0.008 0.79 0.7849187131945887 1
0.008 0.8 0.7938687315065411 1
0.008 0.81 0.8026380276490169 1
0.008 0.8200000000000001 0.811203177654717 1
0.008 0.8300000000000001 0.8195391582989797 1
0.008 0.84 0.8276194819965647 1
0.008 0.85 0.8354163766870248 1
0.008 0.86 0.8429010111674945 1
0.008 0.87 0.8500437648933648 1
0.008 0.88 0.8568145397116051 1
0.008 0.89 0.8631831093772258 1
0.008 0.9 0.8691195010982122 1
0.008 0.91 0.8745944018318798 1
0.008 0.92 0.879579580691793 1
0.008 0.93 0.884048317692939 1
0.008 0.9400000000000001 0.8879758282310765 1
0.008 0.9500000000000001 0.8913396722165698 1
0.008 0.96 0.8941201367053827 1
0.008 0.97 0.8963005812139633 1
0.008 0.98 0.8978677356741129 1
0.008 0.99 0.8988119421606519 1
0.008 1.0 0.8991273330698787 1
