0.0 0.0 0.0 1
0.0 0.01 0.18783038819054954 1
0.0 0.02 0.37183715990052985 1
0.0 0.03 0.5480543203684316 1
0.0 0.04 0.7131777494868248 1
0.0 0.05 0.8634671419978088 1
0.0 0.06 0.9964871334404632 1
0.0 0.07 1.1090461249952719 1
0.0 0.08 1.1998647034745087 1
0.0 0.09 1.2665463745456247 1
0.0 0.1 1.3091646559344965 1
0.0 0.11 1.3262638914426323 1
0.0 0.12 1.3193579492648284 1
0.0 0.13 1.287962911224249 1
0.0 0.14 1.2350022131602243 1
0.0 0.15 1.160876834712815 1
0.0 0.16 1.0697736996904237 1
0.0 0.17 0.962782746287672 1
0.0 0.18 0.8451071787683873 1
0.0 0.19 0.7182401979493152 1
0.0 0.2 0.5880769988300052 1
0.0 0.21 0.4561667424278091 1
0.0 0.22 0.32872681117033264 1
0.0 0.23 0.20698761959178522 1
0.0 0.24 0.09710942224284835 1
0.0 0.25 -0.00036131768326382583 1
0.0 0.26 -0.07967339017178035 1
0.0 0.27 -0.14128398932998773 1
0.0 0.28 -0.18014126087799498 1
0.0 0.29 -0.19794869914367583 1
0.0 0.3 -0.19055435652514327 1
0.0 0.31 -0.16104956625115782 1
0.0 0.32 -0.10627373105972848 1
0.0 0.33 -0.030732292890421408 1
0.0 0.34 0.0677703044883167 1
0.0 0.35000000000000003 0.1834064106866047 1
0.0 0.36 0.3175477015221023 1
0.0 0.37 0.463245741918878 1
0.0 0.38 0.6212901745225823 1
0.0 0.39 0.7839033785297792 1
0.0 0.4 0.9516114564446936 1
0.0 0.41000000000000003 1.1161612194026225 1
0.0 0.42 1.2781788052251706 1
0.0 0.43 1.429316884453596 1
0.0 0.44 1.5706742922389938 1
0.0 0.45 1.6941818826617983 1
0.0 0.46 1.801756032295431 1
0.0 0.47000000000000003 1.8859329950815364 1
0.0 0.48 1.9497295149958775 1
0.0 0.49 1.9865377824574109 1
0.0 0.5 2.0006675689811866 1
0.0 0.51 1.9865168090788865 1
0.0 0.52 1.9497714565783069 1
0.0 0.53 1.8858700956430805 1
0.0 0.54 1.8018398740711952 1
0.0 0.55 1.6940771192343285 1
0.0 0.56 1.5707999514707498 1
0.0 0.5700000000000001 1.4291703604204153 1
0.0 0.58 1.278346157909189 1
0.0 0.59 1.1159730793572342 1
0.0 0.6 0.9518203374333769 1
0.0 0.61 0.7836738081329987 1
0.0 0.62 0.6215403776878454 1
0.0 0.63 0.46297496771517666 1
0.0 0.64 0.3178389799590947 1
0.0 0.65 0.18309469988007207 1
0.0 0.66 0.06810237075980644 1
0.0 0.67 -0.03108463270049421 1
0.0 0.68 -0.10590120463896935 1
0.0 0.6900000000000001 -0.16144218737473037 1
0.0 0.7000000000000001 -0.19014173756384667 1
0.0 0.71 -0.1983812141443984 1
0.0 0.72 -0.17968895654412045 1
0.0 0.73 -0.14175597140926507 1
0.0 0.74 -0.07918184678862177 1
0.0 0.75 -0.0008723011039750604 1
0.0 0.76 0.09763971964015034 1
0.0 0.77 0.20643813904207425 1
0.0 0.78 0.3292953393177799 1
0.0 0.79 0.4555793069339092 1
0.0 0.8 0.5886831967577287 1
0.0 0.81 0.7176153871252119 1
0.0 0.8200000000000001 0.8457504483645055 1
0.0 0.8300000000000001 0.9621211765915005 1
0.0 0.84 1.0704534063079632 1
0.0 0.85 1.160179158816844 1
0.0 0.86 1.235717686271918 1
0.0 0.87 1.2872298173326022 1
0.0 0.88 1.320108483177102 1
0.0 0.89 1.3254961025393266 1
0.0 0.9 1.309949510587594 1
0.0 0.91 1.2657446475289311 1
0.0 0.92 1.200683105403511 1
0.0 0.93 1.108211249567327 1
0.0 0.9400000000000001 0.9973382771389163 1
0.0 0.9500000000000001 0.8625999388333644 1
0.0 0.96 0.7140608001903911 1
0.0 0.97 0.547155636140513 1
0.0 0.98 0.3727512645112983 1
0.0 0.99 0.18690106372654652 1
0.0 1.0 0.0009444411345328766 1
0.002 0.0 0.0 1
0.002 0.01 0.12629974310541317 1
0.002 0.02 0.2502174944017299 1
0.002 0.03 0.3694291962474756 1
0.002 0.04 0.48172523351388935 1
0.002 0.05 0.5850641253927442 1
0.002 0.06 0.6776220793032389 1
0.002 0.07 0.7578371874210785 1
0.002 0.08 0.8244471782664763 1
0.002 0.09 0.8765197944801709 1
0.002 0.1 0.913475049480102 1
0.002 0.11 0.9350988156554425 1
0.002 0.12 0.9415474101954513 1
0.002 0.13 0.9333430663125242 1
0.002 0.14 0.9113604020437712 1
0.002 0.15 0.8768042204773886 1
0.002 0.16 0.8311791886910053 1
0.002 0.17 0.7762521426533907 1
0.002 0.18 0.7140079469046712 1
0.002 0.19 0.64659999652286 1
0.002 0.2 0.57629658079844 1
0.002 0.21 0.5054244299259019 1
0.002 0.22 0.4363108353726614 1
0.002 0.23 0.3712257696940746 1
0.002 0.24 0.3123254315637933 1
0.002 0.25 0.26159860668153784 1
0.002 0.26 0.22081716586991523 1
0.002 0.27 0.19149191978584654 1
0.002 0.28 0.1748349177592985 1
0.002 0.29 0.17172911958046636 1
0.002 0.3 0.1827061874938441 1
0.002 0.31 0.20793294569448403 1
0.002 0.32 0.24720684118190042 1
0.002 0.33 0.2999605181661827 1
0.002 0.34 0.36527539379695717 1
0.002 0.35000000000000003 0.4419039013249743 1
0.002 0.36 0.5282998533663329 1
0.002 0.37 0.6226561779763069 1
0.002 0.38 0.7229490986771728 1
0.002 0.39 0.8269876708930675 1
0.002 0.4 0.9324674553322265 1
0.002 0.41000000000000003 1.0370270069711331 1
0.002 0.42 1.1383057889449413 1
0.002 0.43 1.2340020855416638 1
0.002 0.44 1.3219294884984725 1
0.002 0.45 1.4000705659071415 1
0.002 0.46 1.4666263923875809 1
0.002 0.47000000000000003 1.520060721075997 1
0.002 0.48 1.5591377098886154 1
0.002 0.49 1.5829522732150838 1
0.002 0.5 1.5909523117599038 1
0.002 0.51 1.582952273215085 1
0.002 0.52 1.55913770988862 1
0.002 0.53 1.5200607210760109 1
0.002 0.54 1.4666263923876288 1
0.002 0.55 1.4000705659072985 1
0.002 0.56 1.3219294884989794 1
0.002 0.5700000000000001 1.23400208554324 1
0.002 0.58 1.138305788949729 1
0.002 0.59 1.0370270069853198 1
0.002 0.6 0.9324674553732675 1
0.002 0.61 0.8269876710089606 1
0.002 0.62 0.7229490989966564 1
0.002 0.63 0.622656178836114 1
0.002 0.64 0.528299855625441 1
0.002 0.65 0.44190390712028493 1
0.002 0.66 0.3652754083127915 1
0.002 0.67 0.2999605536684571 1
0.002 0.68 0.24720692597178492 1
0.002 0.6900000000000001 0.20793314345156244 1
0.002 0.7000000000000001 0.18270663794555503 1
0.002 0.71 0.1717301217070226 1
0.002 0.72 0.17483709540337722 1
0.002 0.73 0.19149654226763024 1
0.002 0.74 0.2208267515682654 1
0.002 0.75 0.2616180276667823 1
0.002 0.76 0.3123638782631046 1
0.002 0.77 0.3713001454455449 1
0.002 0.78 0.43645145160056553 1
0.002 0.79 0.5056842794134933 1
0.002 0.8 0.5767659826089334 1
0.002 0.81 0.6474290109456718 1
0.002 0.8200000000000001 0.7154395937766155 1
0.002 0.8300000000000001 0.7786700113008903 1
0.002 0.84 0.8351733322577088 1
0.002 0.85 0.8832590542011308 1
0.002 0.86 0.9215674110725482 1
0.002 0.87 0.9491392196662936 1
0.002 0.88 0.965477095926957 1
0.002 0.89 0.9705928408664913 1
0.002 0.9 0.9650350133057216 1
0.002 0.91 0.9498904682519637 1
0.002 0.92 0.9267542445285625 1
0.002 0.93 0.8976638597530604 1
0.002 0.9400000000000001 0.8649968848585111 1
0.002 0.9500000000000001 0.831334468011705 1
0.002 0.96 0.7992978474696019 1
0.002 0.97 0.771369198240134 1
0.002 0.98 0.7497116342541383 1
0.002 0.99 0.736005094951694 1
0.002 1.0 0.7313146366351153 1
0.004 0.0 0.0 1
0.004 0.01 0.08849921936161499 1
0.004 0.02 0.17553299344270695 1
0.004 0.03 0.25967125675413694 1
0.004 0.04 0.33955383291674457 1
0.004 0.05 0.41392322446760854 1
0.004 0.06 0.4816548764531535 1
0.004 0.07 0.541784169309986 1
0.004 0.08 0.5935294770673897 1
0.004 0.09 0.6363107237868406 1
0.004 0.1 0.6697629819981483 1
0.004 0.11 0.693744778969563 1
0.004 0.12 0.7083409069544672 1
0.004 0.13 0.7138596688814711 1
0.004 0.14 0.7108246279658964 1
0.004 0.15 0.6999610650448653 1
0.004 0.16 0.6821774777436331 1
0.004 0.17 0.6585425776586665 1
0.004 0.18 0.6302583525874635 1
0.004 0.19 0.5986298577167798 1
0.004 0.2 0.5650324802143353 1
0.004 0.21 0.5308774838711177 1
0.004 0.22 0.4975766827805869 1
0.004 0.23 0.4665071144748026 1
0.004 0.24 0.4389765829380147 1
0.004 0.25 0.41619092048563805 1
0.004 0.26 0.3992237751584068 1
0.004 0.27 0.38898966808051605 1
0.004 0.28 0.38622098469823635 1
0.004 0.29 0.39144946693485416 1
0.004 0.3 0.4049926624543654 1
0.004 0.31 0.42694566514951554 1
0.004 0.32 0.45717835066543133 1
0.004 0.33 0.4953381754468251 1
0.004 0.34 0.5408584707866813 1
0.004 0.35000000000000003 0.5929720280310824 1
0.004 0.36 0.6507296407905775 1
0.004 0.37 0.713023147931765 1
0.004 0.38 0.7786124102794428 1
0.004 0.39 0.8461555570792793 1
0.004 0.4 0.914241757738822 1
0.004 0.41000000000000003 0.9814257121639706 1
0.004 0.42 1.0462630106703013 1
0.004 0.43 1.1073454930164686 1
0.004 0.44 1.1633357361081542 1
0.004 0.45 1.2129998213557927 1
0.004 0.46 1.2552375750101128 1
0.004 0.47000000000000003 1.289109537004295 1
0.004 0.48 1.3138599943694016 1
0.004 0.49 1.3289355121789352 1
0.004 0.5 1.3339985058355017 1
0.004 0.51 1.3289355206115474 1
0.004 0.52 1.3138600146963093 1
0.004 0.53 1.289109577382266 1
0.004 0.54 1.255237651126693 1
0.004 0.55 1.2129999616924179 1
0.004 0.56 1.163335991101317 1
0.004 0.5700000000000001 1.1073459505540548 1
0.004 0.58 1.046263821826726 1
0.004 0.59 0.9814271332902081 1
0.004 0.6 0.914244218316656 1
0.004 0.61 0.8461597675693381 1
0.004 0.62 0.7786195311193728 1
0.004 0.63 0.7130350506019298 1
0.004 0.64 0.6507493053393779 1
0.004 0.65 0.5930041396525055 1
0.004 0.66 0.5409103020627161 1
0.004 0.67 0.4954208717844659 1
0.004 0.68 0.45730877517724594 1
0.004 0.6900000000000001 0.4271490062541759 1
0.004 0.7000000000000001 0.4053060626148035 1
0.004 0.71 0.391926992940984 1
0.004 0.72 0.3869403259804942 1
0.004 0.73 0.39006101502980967 1
0.004 0.74 0.4008013873475667 1
0.004 0.75 0.4184879355185739 1
0.004 0.76 0.44228362833996554 1
0.004 0.77 0.47121525334403747 1
0.004 0.78 0.5042051332451791 1
0.004 0.79 0.5401063871100089 1
0.004 0.8 0.5777407381636194 1
0.004 0.81 0.6159377101099092 1
0.004 0.8200000000000001 0.6535739111728037 1
0.004 0.8300000000000001 0.6896109905466731 1
0.004 0.84 0.7231307782904962 1
0.004 0.85 0.753366100751934 1
0.004 0.86 0.7797258130761077 1
0.004 0.87 0.8018127201521923 1
0.004 0.88 0.8194332756424508 1
0.004 0.89 0.8325982579281594 1
0.004 0.9 0.841514016754431 1
0.004 0.91 0.8465643511334753 1
0.004 0.92 0.8482835945635696 1
0.004 0.93 0.847322016239863 1
0.004 0.9400000000000001 0.8444051584750307 1
0.004 0.9500000000000001 0.8402891792544132 1
0.004 0.96 0.8357146133532303 1
0.004 0.97 0.8313611692163043 1
0.004 0.98 0.8278062145735712 1
0.004 0.99 0.8254894573001216 1
0.004 1.0 0.8246860006948433 1
0.006 0.0 0.0 1
0.006 0.01 0.06519938119132 1
0.006 0.02 0.12949308671904994 1
0.006 0.03 0.191997051091942 1
0.006 0.04 0.2518698977307774 1
0.006 0.05 0.30833296792770376 1
0.006 0.06 0.3606888075252667 1
0.006 0.07 0.40833765678921313 1
0.006 0.08 0.4507915381144675 1
0.006 0.09 0.4876855953496481 1
0.006 0.1 0.518786406195746 1
0.006 0.11 0.5439970636628894 1
0.006 0.12 0.5633589021202909 1
0.006 0.13 0.5770498260897678 1
0.006 0.14 0.5853792835783204 1
0.006 0.15 0.5887800083606026 1
0.006 0.16 0.587796735173396 1
0.006 0.17 0.5830721663126663 1
0.006 0.18 0.5753305357942319 1
0.006 0.19 0.565359176385339 1
0.006 0.2 0.5539885439800412 1
0.006 0.21 0.542071191765717 1
0.006 0.22 0.5304602124762058 1
0.006 0.23 0.5199876801124828 1
0.006 0.24 0.5114436225123209 1
0.006 0.25 0.5055560430660084 1
0.006 0.26 0.5029724840280873 1
0.006 0.27 0.5042435859017219 1
0.006 0.28 0.5098090482077503 1
0.006 0.29 0.5199863378052935 1
0.006 0.3 0.5349624232614354 1
0.006 0.31 0.5547887392401677 1
0.006 0.32 0.5793795053306866 1
0.006 0.33 0.6085134411211099 1
0.006 0.34 0.6418388356800382 1
0.006 0.35000000000000003 0.678881846994854 1
0.006 0.36 0.7190578273666582 1
0.006 0.37 0.7616853962363194 1
0.006 0.38 0.8060029142497358 1
0.006 0.39 0.8511869532299654 1
0.006 0.4 0.896372307566374 1
0.006 0.41000000000000003 0.940673054568231 1
0.006 0.42 0.9832041454988482 1
0.006 0.43 1.0231029959450244 1
0.006 0.44 1.0595505442105213 1
0.006 0.45 1.0917912595556383 1
0.006 0.46 1.1191516080209218 1
0.006 0.47000000000000003 1.1410565216422657 1
0.006 0.48 1.157043466161298 1
0.006 0.49 1.1667737616596054 1
0.006 0.5 1.170040878455677 1
0.006 0.51 1.1667755054496445 1
0.006 0.52 1.1570472680667137 1
0.006 0.53 1.1410630560977826 1
0.006 0.54 1.119162006052478 1
0.006 0.55 1.0918072660872638 1
0.006 0.56 1.0595747521325134 1
0.006 0.5700000000000001 1.0231391795696436 1
0.006 0.58 0.9832577238666184 1
0.006 0.59 0.9407517242831495 1
0.006 0.6 0.8964868956077114 1
0.006 0.61 0.8513525526030952 1
0.006 0.62 0.8062403793689575 1
0.006 0.63 0.7620232903842047 1
0.006 0.64 0.7195349310384194 1
0.006 0.65 0.6795503527377845 1
0.006 0.66 0.6427683711866403 1
0.006 0.67 0.6097960764824449 1
0.006 0.68 0.5811359107737276 1
0.006 0.6900000000000001 0.5571756642472545 1
0.006 0.7000000000000001 0.5381816642419068 1
0.006 0.71 0.5242953467319518 1
0.006 0.72 0.515533305981184 1
0.006 0.73 0.5117908188547406 1
0.006 0.74 0.5128487374232042 1
0.006 0.75 0.5183835397659035 1
0.006 0.76 0.5279802272544445 1
0.006 0.77 0.5411476603358685 1
0.006 0.78 0.5573358374270448 1
0.006 0.79 0.5759545466043291 1
0.006 0.8 0.5963927609603114 1
0.006 0.81 0.6180381092808026 1
0.006 0.8200000000000001 0.6402957371903665 1
0.006 0.8300000000000001 0.6626058826585415 1
0.006 0.84 0.6844595254595106 1
0.006 0.85 0.7054115334802729 1
0.006 0.86 0.7250908190481979 1
0.006 0.87 0.7432071336385281 1
0.006 0.88 0.7595542658514498 1
0.006 0.89 0.774009560342011 1
0.006 0.9 0.7865298379953393 1
0.006 0.91 0.797143962488856 1
0.006 0.92 0.8059424571334373 1
0.006 0.93 0.8130647198998037 1
0.006 0.9400000000000001 0.8186845054193868 1
0.006 0.9500000000000001 0.8229944329226125 1
0.006 0.96 0.8261903323495344 1
0.006 0.97 0.8284562529402857 1
0.006 0.98 0.8299509274872304 1
0.006 0.99 0.8307964116625236 1
0.006 1.0 0.8310695046112699 1
0.008 0.0 0.0 1
0.008 0.01 0.05075653561306842 1
0.008 0.02 0.10094934928388931 1
0.008 0.03 0.15002792270467533 1
0.008 0.04 0.19746782038744617 1
0.008 0.05 0.24278292793950168 1
0.008 0.06 0.28553674874827395 1
0.008 0.07 0.325352481577918 1
0.008 0.08 0.361921631595371 1
0.008 0.09 0.39501094345215876 1
0.008 0.1 0.4244674863608538 1
0.008 0.11 0.4502217666045265 1
0.008 0.12 0.4722887914834719 1
0.008 0.13 0.4907670591400411 1
0.008 0.14 0.5058354997676858 1
0.008 0.15 0.5177484441469477 1
0.008 0.16 0.5268287440171565 1
0.008 0.17 0.5334592142922029 1
0.008 0.18 0.5380726084416252 1
0.008 0.19 0.5411403744670634 1
0.008 0.2 0.5431604689198718 1
0.008 0.21 0.5446445295892163 1
0.008 0.22 0.5461047232705127 1
0.008 0.23 0.5480405930130325 1
0.008 0.24 0.5509262292462541 1
0.008 0.25 0.5551980811971066 1
0.008 0.26 0.5612437092313612 1
0.008 0.27 0.5693917555707685 1
0.008 0.28 0.5799033808239844 1
0.008 0.29 0.5929653776631835 1
0.008 0.3 0.6086851316687687 1
0.008 0.31 0.6270875538693469 1
0.008 0.32 0.6481140609438157 1
0.008 0.33 0.6716236286234306 1
0.008 0.34 0.6973958927766015 1
0.008 0.35000000000000003 0.7251362222362696 1
0.008 0.36 0.7544826388819906 1
0.008 0.37 0.7850144150137306 1
0.008 0.38 0.8162621367738886 1
0.008 0.39 0.8477189863078565 1
0.008 0.4 0.8788529653932429 1
0.008 0.41000000000000003 0.9091197601561531 1
0.008 0.42 0.9379759308042672 1
0.008 0.43 0.9648921024338474 1
0.008 0.44 0.9893658331127373 1
0.008 0.45 1.0109338436091517 1
0.008 0.46 1.0291833091351275 1
0.008 0.47000000000000003 1.0437619369205104 1
0.008 0.48 1.0543865837617878 1
0.008 0.49 1.0608502041639192 1
0.008 0.5 1.0630269614242498 1
0.008 0.51 1.0608753799761237 1
0.008 0.52 1.0544394663887824 1
0.008 0.53 1.0438477774013706 1
0.008 0.54 1.0293104649908638 1
0.008 0.55 1.0111143794510342 1
0.008 0.56 0.9896163605121423 1
0.008 0.5700000000000001 0.9652348924142453 1
0.008 0.58 0.9384403403796736 1
0.008 0.59 0.909744022023227 1
0.008 0.6 0.87968639692007 1
0.008 0.61 0.8488246799910704 1
0.008 0.62 0.8177201988965976 1
0.008 0.63 0.7869258217682089 1
0.008 0.64 0.7569737790676032 1
0.008 0.65 0.7283641920701152 1
0.008 0.66 0.7015546005740524 1
0.008 0.67 0.6769507543136226 1
0.008 0.68 0.65489889680815 1
0.008 0.6900000000000001 0.6356797278473711 1
0.008 0.7000000000000001 0.6195041825445745 1
0.008 0.71 0.6065111121445468 1
0.008 0.72 0.596766895994793 1
0.008 0.73 0.5902669568762748 1
0.008 0.74 0.5869390949650848 1
0.008 0.75 0.5866485008574377 1
0.008 0.76 0.5892042571609623 1
0.008 0.77 0.5943670929257764 1
0.008 0.78 0.6018581173504722 1
0.008 0.79 0.6113682302738774 1
0.008 0.8 0.6225678882366291 1
0.008 0.81 0.6351168973415736 1
0.008 0.8200000000000001 0.6486739083598527 1
0.008 0.8300000000000001 0.6629053056938842 1
0.008 0.84 0.6774932096243756 1
0.008 0.85 0.692142349950669 1
0.008 0.86 0.7065856174049537 1
0.008 0.87 0.720588155336428 1
0.008 0.88 0.7339499159580456 1
0.008 0.89 0.746506670420379 1
0.008 0.9 0.7581295273752809 1
0.008 0.91 0.7687230776449798 1
0.008 0.92 0.7782223402609961 1
0.008 0.93 0.7865887347795737 1
0.008 0.9400000000000001 0.7938053440145005 1
0.008 0.9500000000000001 0.799871758188784 1
0.008 0.96 0.8047988045825396 1
0.008 0.97 0.8086034652813794 1
0.008 0.98 0.811304269549977 1
0.008 0.99 0.8129174173402723 1
0.008 1.0 0.8134538478735701 1
