0.0 0.0 0.0 1
0.0 0.01 0.6191960113706031 1
0.0 0.02 1.0138470358244647 1
0.0 0.03 1.0451648296136622 1
0.0 0.04 0.7131184858567812 1
0.0 0.05 0.1564344650402319 1
0.0 0.06 -0.40040393770674804 1
0.0 0.07 -0.7329132748986051 1
0.0 0.08 -0.7023666291303048 1
0.0 0.09 -0.3087941462532413 1
0.0 0.1 0.30901699437494556 1
0.0 0.11 0.9265231725377708 1
0.0 0.12 1.3191810689798205 1
0.0 0.13 1.3482044069299353 1
0.0 0.14 1.0135645438575462 1
0.0 0.15 0.4539904997395482 1
0.0 0.16 -0.10603157819075851 1
0.0 0.17 -0.44201510054477616 1
0.0 0.18 -0.41522972131615826 1
0.0 0.19 -0.025701874440337422 1
0.0 0.2 0.5877852522924718 1
0.0 0.21 1.2006923059454537 1
0.0 0.22 1.588480506043824 1
0.0 0.23 1.612368381618807 1
0.0 0.24 1.2723323582211694 1
0.0 0.25 0.707106781186545 1
0.0 0.26 0.14118337512894227 1
0.0 0.27 -0.2009454466646891 1
0.0 0.28 -0.18054327351936517 1
0.0 0.29 0.20236976008321986 1
0.0 0.3 0.8090169943749426 1
0.0 0.31 1.4148658265670389 1
0.0 0.32 1.7953844417971594 1
0.0 0.33 1.8117985432990977 1
0.0 0.34 1.4640919323363357 1
0.0 0.35000000000000003 0.8910065241883653 1
0.0 0.36 0.3170418001735477 1
0.0 0.37 -0.03330189061117042 1
0.0 0.38 -0.021280030406903332 1
0.0 0.39 0.3530955166617547 1
0.0 0.4 0.95105651629515 1
0.0 0.41000000000000003 1.5480789379694224 1
0.0 0.42 1.9196396774237905 1
0.0 0.43 1.9269732782338933 1
0.0 0.44 1.5700725030211635 1
0.0 0.45 0.9876883405951342 1
0.0 0.46 0.4043294490220113 1
0.0 0.47000000000000003 0.0445054483079251 1
0.0 0.48 0.046970212133121095 1
0.0 0.49 0.4117213080732509 1
0.0 0.5 1.0000000000000089 1
0.0 0.51 1.5872918126582043 1
0.0 0.52 1.9490832447234283 1
0.0 0.53 1.9466184808982274 1
0.0 0.54 1.5798999536069527 1
0.0 0.55 0.9876883405951341 1
0.0 0.56 0.3945019984362187 1
0.0 0.5700000000000001 0.024860245643590767 1
0.0 0.58 0.017526644833474544 1
0.0 0.59 0.37250843338446343 1
0.0 0.6 0.951056516295155 1
0.0 0.61 1.5286660212466894 1
0.0 0.62 1.8808330021834077 1
0.0 0.63 1.868811141979136 1
0.0 0.64 1.4926123047584883 1
0.0 0.65 0.8910065241883675 1
0.0 0.66 0.2885214277513873 1
0.0 0.67 -0.09031448929121416 1
0.0 0.68 -0.10672859079314209 1
0.0 0.6900000000000001 0.23929532198209108 1
0.0 0.7000000000000001 0.8090169943749659 1
0.0 0.71 1.3779402646681647 1
0.0 0.72 1.7215697590709402 1
0.0 0.73 1.701167585925623 1
0.0 0.74 1.3167538797138825 1
0.0 0.75 0.7071067811865531 1
0.0 0.76 0.09676185363621445 1
0.0 0.77 -0.28974465097150826 1
0.0 0.78 -0.31363252654645674 1
0.0 0.79 0.025121801360505423 1
0.0 0.8 0.5877852522924617 1
0.0 0.81 1.1498686301446057 1
0.0 0.8200000000000001 1.4868833112741513 1
0.0 0.8300000000000001 1.4600979320455396 1
0.0 0.84 1.0695389263941943 1
0.0 0.85 0.45399049973955025 1
0.0 0.86 -0.1620059607273963 1
0.0 0.87 -0.5539086256603736 1
0.0 0.88 -0.5829319636104767 1
0.0 0.89 -0.2490473320471781 1
0.0 0.9 0.30901699437494246 1
0.0 0.91 0.8667763583317037 1
0.0 0.92 1.1997464034600054 1
0.0 0.93 1.1691997576917021 1
0.0 0.9400000000000001 0.7751665668781925 1
0.0 0.9500000000000001 0.15643446504022224 1
0.0 0.96 -0.4624520187281694 1
0.0 0.97 -0.8569482029766339 1
0.0 0.98 -0.8882659967658447 1
0.0 0.99 -0.5563744932143522 1
0.0 1.0 -2.326828918379896e-15 1
0.002 0.0 0.0 1
0.002 0.01 0.03101567512220897 1
0.002 0.02 0.061917360327582154 1
0.002 0.03 0.09262302697414922 1
0.002 0.04 0.12310237227607013 1
0.002 0.05 0.15337684920882602 1
0.002 0.06 0.18349996170882427 1
0.002 0.07 0.21352536309089273 1
0.002 0.08 0.24347495431835625 1
0.002 0.09 0.2733191787605313 1
0.002 0.1 0.30297705136155206 1
0.002 0.11 0.33233592219174174 1
0.002 0.12 0.36128343640007216 1
0.002 0.13 0.3897394938754174 1
0.002 0.14 0.4176760119245907 1
0.002 0.15 0.44511695298657233 1
0.002 0.16 0.4721186173555774 1
0.002 0.17 0.4987377388388817 1
0.002 0.18 0.5249995799868254 1
0.002 0.19 0.5508782235328258 1
0.002 0.2 0.5762965979705912 1
0.002 0.21 0.6011462372432907 1
0.002 0.22 0.6253192365670384 1
0.002 0.23 0.6487402077004644 1
0.002 0.24 0.671386036972708 1
0.002 0.25 0.6932859080938204 1
0.002 0.26 0.714501589725066 1
0.002 0.27 0.7350955257401333 1
0.002 0.28 0.7550989248199897 1
0.002 0.29 0.7744920460247832 1
0.002 0.3 0.7932042182757661 1
0.002 0.31 0.8111335937280165 1
0.002 0.32 0.8281790970625449 1
0.002 0.33 0.8442723740160105 1
0.002 0.34 0.859397542467025 1
0.002 0.35000000000000003 0.8735912081098891 1
0.002 0.36 0.8869227447002938 1
0.002 0.37 0.8994623768112175 1
0.002 0.38 0.9112492617491739 1
0.002 0.39 0.9222717672817767 1
0.002 0.4 0.9324674831173501 1
0.002 0.41000000000000003 0.9417429661252502 1
0.002 0.42 0.9500056813335331 1
0.002 0.43 0.9571959420303793 1
0.002 0.44 0.9633066522965718 1
0.002 0.45 0.9683833140083113 1
0.002 0.46 0.9725042983034586 1
0.002 0.47000000000000003 0.9757489194581053 1
0.002 0.48 0.9781655078323778 1
0.002 0.49 0.979751678545309 1
0.002 0.5 0.9804543338284276 1
0.002 0.51 0.9801893990557439 1
0.002 0.52 0.9788737544958342 1
0.002 0.53 0.9764571661215615 1
0.002 0.54 0.972942018813893 1
0.002 0.55 0.9683833140083106 1
0.002 0.56 0.9628689317861364 1
0.002 0.5700000000000001 0.9564876953669222 1
0.002 0.58 0.9492974346700761 1
0.002 0.59 0.9413052456148149 1
0.002 0.6 0.9324674831173497 1
0.002 0.61 0.922709487792211 1
0.002 0.62 0.91195750841263 1
0.002 0.63 0.9001706234746739 1
0.002 0.64 0.8873604652107281 1
0.002 0.65 0.873591208109889 1
0.002 0.66 0.8589598219565899 1
0.002 0.67 0.8435641273525538 1
0.002 0.68 0.8274708503990883 1
0.002 0.6900000000000001 0.8106958732175817 1
0.002 0.7000000000000001 0.7932042182757664 1
0.002 0.71 0.7749297665352187 1
0.002 0.72 0.7558071714834469 1
0.002 0.73 0.7358037724035906 1
0.002 0.74 0.7149393102355015 1
0.002 0.75 0.6932859080938211 1
0.002 0.76 0.670948316462274 1
0.002 0.77 0.6480319610370083 1
0.002 0.78 0.6246109899035828 1
0.002 0.79 0.6007085167328567 1
0.002 0.8 0.576296597970592 1
0.002 0.81 0.5513159440432612 1
0.002 0.8200000000000001 0.5257078266502828 1
0.002 0.8300000000000001 0.4994459855023388 1
0.002 0.84 0.47255633786601314 1
0.002 0.85 0.445116952986573 1
0.002 0.86 0.4172382914141565 1
0.002 0.87 0.38903124721196125 1
0.002 0.88 0.3605751897366161 1
0.002 0.89 0.331898201681307 1
0.002 0.9 0.3029770513615523 1
0.002 0.91 0.27375689927096614 1
0.002 0.92 0.24418320098181287 1
0.002 0.93 0.21423360975434907 1
0.002 0.9400000000000001 0.1839376822192589 1
0.002 0.9500000000000001 0.15337684920882597 1
0.002 0.96 0.12266465176563529 1
0.002 0.97 0.09191478031069245 1
0.002 0.98 0.06120911366412559 1
0.002 0.99 0.03057795461177394 1
0.002 1.0 1.1915903829030245e-16 1
0.004 0.0 0.0 1
0.004 0.01 0.030194952096480012 1
0.004 0.02 0.060360074373960064 1
0.004 0.03 0.09046557831067775 1
0.004 0.04 0.12048175340892914 1
0.004 0.05 0.1503789965157427 1
0.004 0.06 0.18012783370847157 1
0.004 0.07 0.20969893752318866 1
0.004 0.08 0.23906314403854506 1
0.004 0.09 0.2681914743278941 1
0.004 0.1 0.29705516305799184 1
0.004 0.11 0.3256256942060559 1
0.004 0.12 0.3538748410604437 1
0.004 0.13 0.3817747059358168 1
0.004 0.14 0.40929775503393473 1
0.004 0.15 0.4364168456161894 1
0.004 0.16 0.46310524546106535 1
0.004 0.17 0.48933664738680643 1
0.004 0.18 0.5150851833546215 1
0.004 0.19 0.5403254426681686 1
0.004 0.2 0.565032497050845 1
0.004 0.21 0.5891819325761324 1
0.004 0.22 0.6127498856200025 1
0.004 0.23 0.6357130782702404 1
0.004 0.24 0.6580488486280802 1
0.004 0.25 0.6797351731727631 1
0.004 0.26 0.7007506811669464 1
0.004 0.27 0.7210746638882345 1
0.004 0.28 0.7406870832073793 1
0.004 0.29 0.759568584034349 1
0.004 0.3 0.777700513419465 1
0.004 0.31 0.7950649462907566 1
0.004 0.32 0.811644715002652 1
0.004 0.33 0.8274234381371786 1
0.004 0.34 0.8423855439995908 1
0.004 0.35000000000000003 0.8565162859857527 1
0.004 0.36 0.8698017498061114 1
0.004 0.37 0.8822288553586108 1
0.004 0.38 0.893785357778367 1
0.004 0.39 0.9044598521927253 1
0.004 0.4 0.9142417849764921 1
0.004 0.41000000000000003 0.9231214714962356 1
0.004 0.42 0.9310901175266565 1
0.004 0.43 0.9381398397882355 1
0.004 0.44 0.9442636810562237 1
0.004 0.45 0.9494556170265839 1
0.004 0.46 0.9537105549321043 1
0.004 0.47000000000000003 0.957024326709539 1
0.004 0.48 0.9593936812541738 1
0.004 0.49 0.960816280299129 1
0.004 0.5 0.961290700722946 1
0.004 0.51 0.9608164432831819 1
0.004 0.52 0.9593939449679109 1
0.004 0.53 0.9570245904232758 1
0.004 0.54 0.9537107179161567 1
0.004 0.55 0.9494556170265833 1
0.004 0.56 0.9442635180721706 1
0.004 0.5700000000000001 0.9381395760744983 1
0.004 0.58 0.9310898538129193 1
0.004 0.59 0.9231213085121824 1
0.004 0.6 0.914241784976492 1
0.004 0.61 0.904460015176778 1
0.004 0.62 0.8937856214921039 1
0.004 0.63 0.8822291190723478 1
0.004 0.64 0.869801912790164 1
0.004 0.65 0.8565162859857528 1
0.004 0.66 0.8423853810155376 1
0.004 0.67 0.8274231744234415 1
0.004 0.68 0.8116444512889148 1
0.004 0.6900000000000001 0.7950647833067036 1
0.004 0.7000000000000001 0.7777005134194652 1
0.004 0.71 0.7595687470184024 1
0.004 0.72 0.7406873469211168 1
0.004 0.73 0.721074927601972 1
0.004 0.74 0.7007508441509996 1
0.004 0.75 0.6797351731727636 1
0.004 0.76 0.658048685644028 1
0.004 0.77 0.6357128145565037 1
0.004 0.78 0.6127496219062661 1
0.004 0.79 0.5891817695920801 1
0.004 0.8 0.5650324970508458 1
0.004 0.81 0.5403256056522219 1
0.004 0.8200000000000001 0.515085447068359 1
0.004 0.8300000000000001 0.48933691110054384 1
0.004 0.84 0.4631054084451188 1
0.004 0.85 0.4364168456161898 1
0.004 0.86 0.4092975920498824 1
0.004 0.87 0.38177444222207996 1
0.004 0.88 0.35387457734670696 1
0.004 0.89 0.3256255312220033 1
0.004 0.9 0.2970551630579921 1
0.004 0.91 0.26819163731194684 1
0.004 0.92 0.23906340775228238 1
0.004 0.93 0.2096992012369256 1
0.004 0.9400000000000001 0.18012799669252447 1
0.004 0.9500000000000001 0.15037899651574294 1
0.004 0.96 0.12048159042487656 1
0.004 0.97 0.09046531459694067 1
0.004 0.98 0.06035981066022312 1
0.004 0.99 0.030194789112427105 1
0.004 1.0 1.1772381839281953e-16 1
0.006 0.0 0.0 1
0.006 0.01 0.029604691773868447 1
0.006 0.02 0.05918016727961367 1
0.006 0.03 0.08869723908645732 1
0.006 0.04 0.11812677740816538 1
0.006 0.05 0.14743973885062997 1
0.006 0.06 0.1766071950714644 1
0.006 0.07 0.2056003613243686 1
0.006 0.08 0.2343906248617828 1
0.006 0.09 0.2629495731694864 1
0.006 0.1 0.2912490220063184 1
0.006 0.11 0.3192610432213508 1
0.006 0.12 0.34695799232001634 1
0.006 0.13 0.37431253575030343 1
0.006 0.14 0.40129767788040027 1
0.006 0.15 0.4278867876401246 1
0.006 0.16 0.4540536247998464 1
0.006 0.17 0.4797723658620091 1
0.006 0.18 0.5050176295413906 1
0.006 0.19 0.5297645018106367 1
0.006 0.2 0.5539885604873995 1
0.006 0.21 0.5776658993388103 1
0.006 0.22 0.600773151678463 1
0.006 0.23 0.6232875134309259 1
0.006 0.24 0.645186765639341 1
0.006 0.25 0.6664492963928523 1
0.006 0.26 0.6870541221522225 1
0.006 0.27 0.706980908453638 1
0.006 0.28 0.726209989971954 1
0.006 0.29 0.744722389925267 1
0.006 0.3 0.7624998388027076 1
0.006 0.31 0.7795247923969711 1
0.006 0.32 0.7957804491227475 1
0.006 0.33 0.8112507666022728 1
0.006 0.34 0.8259204774999491 1
0.006 0.35000000000000003 0.8397751045893601 1
0.006 0.36 0.8528009750378188 1
0.006 0.37 0.8649852338953845 1
0.006 0.38 0.8763158567767333 1
0.006 0.39 0.8867816617250437 1
0.006 0.4 0.896372320247239 1
0.006 0.41000000000000003 0.9050783675096923 1
0.006 0.42 0.9128912116832887 1
0.006 0.43 0.9198031424269405 1
0.006 0.44 0.9258073384994915 1
0.006 0.45 0.9308978744914579 1
0.006 0.46 0.9350697266699634 1
0.006 0.47000000000000003 0.9383187779321421 1
0.006 0.48 0.9406418218638055 1
0.006 0.49 0.9420365659010576 1
0.006 0.5 0.9425016335927783 1
0.006 0.51 0.9420365659617441 1
0.006 0.52 0.9406418219619985 1
0.006 0.53 0.9383187780303351 1
0.006 0.54 0.9350697267306499 1
0.006 0.55 0.9308978744914578 1
0.006 0.56 0.9258073384388047 1
0.006 0.5700000000000001 0.9198031423287476 1
0.006 0.58 0.9128912115850956 1
0.006 0.59 0.9050783674490055 1
0.006 0.6 0.8963723202472391 1
0.006 0.61 0.8867816617857303 1
0.006 0.62 0.8763158568749263 1
0.006 0.63 0.8649852339935776 1
0.006 0.64 0.8528009750985053 1
0.006 0.65 0.8397751045893602 1
0.006 0.66 0.8259204774392623 1
0.006 0.67 0.8112507665040798 1
0.006 0.68 0.7957804490245544 1
0.006 0.6900000000000001 0.7795247923362845 1
0.006 0.7000000000000001 0.7624998388027078 1
0.006 0.71 0.744722389985954 1
0.006 0.72 0.7262099900701472 1
0.006 0.73 0.7069809085518313 1
0.006 0.74 0.6870541222129094 1
0.006 0.75 0.6664492963928528 1
0.006 0.76 0.6451867655786551 1
0.006 0.77 0.6232875133327331 1
0.006 0.78 0.6007731515802704 1
0.006 0.79 0.577665899278124 1
0.006 0.8 0.5539885604873999 1
0.006 0.81 0.5297645018713236 1
0.006 0.8200000000000001 0.5050176296395841 1
0.006 0.8300000000000001 0.4797723659602024 1
0.006 0.84 0.45405362486053363 1
0.006 0.85 0.42788678764012517 1
0.006 0.86 0.40129767781971415 1
0.006 0.87 0.37431253565211065 1
0.006 0.88 0.3469579922218238 1
0.006 0.89 0.3192610431606644 1
0.006 0.9 0.29124902200631875 1
0.006 0.91 0.26294957323017304 1
0.006 0.92 0.23439062495997612 1
0.006 0.93 0.20560036142256166 1
0.006 0.9400000000000001 0.17660719513215117 1
0.006 0.9500000000000001 0.1474397388506302 1
0.006 0.96 0.118126777347479 1
0.006 0.97 0.08869723898826432 1
0.006 0.98 0.0591801671814208 1
0.006 0.99 0.029604691713181745 1
0.006 1.0 1.1542316075061452e-16 1
0.008 0.0 0.0 1
0.008 0.01 0.02902604832160517 1
0.008 0.02 0.05802345143786989 1
0.008 0.03 0.08696359241281464 1
0.008 0.04 0.11581791082128276 1
0.008 0.05 0.14455793093463182 1
0.008 0.06 0.1731552898228388 1
0.008 0.07 0.2015817653452865 1
0.008 0.08 0.22980930400260685 1
0.008 0.09 0.2578100486220971 1
0.008 0.1 0.28555636584938593 1
0.008 0.11 0.3130208734192194 1
0.008 0.12 0.3401764671784516 1
0.008 0.13 0.3669963478345746 1
0.008 0.14 0.3934540474033839 1
0.008 0.15 0.4195234553296844 1
0.008 0.16 0.44517884425525517 1
0.008 0.17 0.4703948954086435 1
0.008 0.18 0.49514672359173445 1
0.008 0.19 0.5194099017384356 1
0.008 0.2 0.5431604850212428 1
0.008 0.21 0.5663750344818939 1
0.008 0.22 0.5890306401627938 1
0.008 0.23 0.611104943716377 1
0.008 0.24 0.6325761604700992 1
0.008 0.25 0.6534231009252786 1
0.008 0.26 0.6736251916685715 1
0.008 0.27 0.6931624956754469 1
0.008 0.28 0.7120157319856198 1
0.008 0.29 0.730166294731031 1
0.008 0.3 0.7475962714975921 1
0.008 0.31 0.7642884610025767 1
0.008 0.32 0.7802263900702117 1
0.008 0.33 0.7953943298887142 1
0.008 0.34 0.8097773115327306 1
0.008 0.35000000000000003 0.8233611407358593 1
0.008 0.36 0.8361324118986772 1
0.008 0.37 0.8480785213184446 1
0.008 0.38 0.8591876796274384 1
0.008 0.39 0.8694489234276327 1
0.008 0.4 0.8788521261102488 1
0.008 0.41000000000000003 0.8873880078494972 1
0.008 0.42 0.8950481447606463 1
0.008 0.43 0.9018249772133817 1
0.008 0.44 0.9077118172922496 1
0.008 0.45 0.9127028553968216 1
0.008 0.46 0.9167931659750679 1
0.008 0.47000000000000003 0.9199787123842814 1
0.008 0.48 0.9222563508747547 1
0.008 0.49 0.9236238336922802 1
0.008 0.5 0.9240798112964124 1
0.008 0.51 0.9236238336923028 1
0.008 0.52 0.9222563508747913 1
0.008 0.53 0.919978712384318 1
0.008 0.54 0.9167931659750904 1
0.008 0.55 0.9127028553968215 1
0.008 0.56 0.9077118172922269 1
0.008 0.5700000000000001 0.9018249772133452 1
0.008 0.58 0.8950481447606098 1
0.008 0.59 0.8873880078494746 1
0.008 0.6 0.8788521261102489 1
0.008 0.61 0.8694489234276553 1
0.008 0.62 0.8591876796274751 1
0.008 0.63 0.8480785213184814 1
0.008 0.64 0.8361324118986997 1
0.008 0.65 0.8233611407358594 1
0.008 0.66 0.8097773115327077 1
0.008 0.67 0.7953943298886775 1
0.008 0.68 0.7802263900701752 1
0.008 0.6900000000000001 0.7642884610025542 1
0.008 0.7000000000000001 0.7475962714975923 1
0.008 0.71 0.7301662947310541 1
0.008 0.72 0.7120157319856567 1
0.008 0.73 0.6931624956754837 1
0.008 0.74 0.6736251916685942 1
0.008 0.75 0.6534231009252788 1
0.008 0.76 0.6325761604700769 1
0.008 0.77 0.6111049437163406 1
0.008 0.78 0.5890306401627576 1
0.008 0.79 0.5663750344818714 1
0.008 0.8 0.5431604850212431 1
0.008 0.81 0.5194099017384584 1
0.008 0.8200000000000001 0.4951467235917713 1
0.008 0.8300000000000001 0.4703948954086802 1
0.008 0.84 0.4451788442552784 1
0.008 0.85 0.41952345532968477 1
0.008 0.86 0.39345404740336176 1
0.008 0.87 0.3669963478345384 1
0.008 0.88 0.34017646717841565 1
0.008 0.89 0.31302087341919693 1
0.008 0.9 0.28555636584938626 1
0.008 0.91 0.2578100486221197 1
0.008 0.92 0.22980930400264363 1
0.008 0.93 0.20158176534532302 1
0.008 0.9400000000000001 0.17315528982286152 1
0.008 0.9500000000000001 0.14455793093463196 1
0.008 0.96 0.11581791082126051 1
0.008 0.97 0.08696359241277819 1
0.008 0.98 0.05802345143783356 1
0.008 0.99 0.02902604832158253 1
0.008 1.0 1.1316713830603716e-16 1
