0.0 0.0 0.00020945329209397234 1
0.0 0.01 0.6190912795562297 1
0.0 0.02 1.0140564891165766 1
0.0 0.03 1.0450600977992905 1
0.0 0.04 0.71332793914888 1
0.0 0.05 0.156329733225858 1
0.0 0.06 -0.40019448441464006 1
0.0 0.07 -0.7330180067129834 1
0.0 0.08 -0.7021571758382036 1
0.0 0.09 -0.3088988780676095 1
0.0 0.1 0.3092264476670514 1
0.0 0.11 0.9264184407233925 1
0.0 0.12 1.3193905222719347 1
0.0 0.13 1.3480996751155598 1
0.0 0.14 1.0137739971496469 1
0.0 0.15 0.4538857679251815 1
0.0 0.16 -0.10582212489865621 1
0.0 0.17 -0.4421198323591577 1
0.0 0.18 -0.4150202680240542 1
0.0 0.19 -0.02580660625471289 1
0.0 0.2 0.5879947055845727 1
0.0 0.21 1.2005875741310805 1
0.0 0.22 1.5886899593359418 1
0.0 0.23 1.6122636498044431 1
0.0 0.24 1.2725418115132583 1
0.0 0.25 0.7070020493721829 1
0.0 0.26 0.14139282842103448 1
0.0 0.27 -0.2010501784790566 1
0.0 0.28 -0.18033382022727037 1
0.0 0.29 0.20226502826884402 1
0.0 0.3 0.8092264476670489 1
0.0 0.31 1.4147610947526645 1
0.0 0.32 1.7955938950892734 1
0.0 0.33 1.8116938114847227 1
0.0 0.34 1.4643013856284444 1
0.0 0.35000000000000003 0.8909017923739901 1
0.0 0.36 0.3172512534656527 1
0.0 0.37 -0.03340662242555102 1
0.0 0.38 -0.021070577114794223 1
0.0 0.39 0.3529907848473772 1
0.0 0.4 0.9512659695872506 1
0.0 0.41000000000000003 1.5479742061550585 1
0.0 0.42 1.9198491307158871 1
0.0 0.43 1.926868546419531 1
0.0 0.44 1.5702819563132557 1
0.0 0.45 0.9875836087807706 1
0.0 0.46 0.404538902314107 1
0.0 0.47000000000000003 0.04440071649355338 1
0.0 0.48 0.04717966542522416 1
0.0 0.49 0.4116165762588842 1
0.0 0.5 1.0002094532921069 1
0.0 0.51 1.587187080843827 1
0.0 0.52 1.94929269801552 1
0.0 0.53 1.9465137490838618 1
0.0 0.54 1.5801094068990547 1
0.0 0.55 0.9875836087807568 1
0.0 0.56 0.3947114517283242 1
0.0 0.5700000000000001 0.024755513829226007 1
0.0 0.58 0.017736098125579365 1
0.0 0.59 0.37240370157009905 1
0.0 0.6 0.9512659695872514 1
0.0 0.61 1.5285612894323188 1
0.0 0.62 1.8810424554755087 1
0.0 0.63 1.8687064101647575 1
0.0 0.64 1.49282175805059 1
0.0 0.65 0.8909017923739988 1
0.0 0.66 0.28873088104348926 1
0.0 0.67 -0.09041922110557811 1
0.0 0.68 -0.10651913750103162 1
0.0 0.6900000000000001 0.23919059016771946 1
0.0 0.7000000000000001 0.8092264476670583 1
0.0 0.71 1.377835532853794 1
0.0 0.72 1.7217792123630349 1
0.0 0.73 1.7010628541112445 1
0.0 0.74 1.3169633330059838 1
0.0 0.75 0.7070020493721828 1
0.0 0.76 0.0969713069283156 1
0.0 0.77 -0.2898493827858665 1
0.0 0.78 -0.3134230732543591 1
0.0 0.79 0.025017069546128506 1
0.0 0.8 0.5879947055845782 1
0.0 0.81 1.1497638983302298 1
0.0 0.8200000000000001 1.4870927645662504 1
0.0 0.8300000000000001 1.459993200231148 1
0.0 0.84 1.0697483796863079 1
0.0 0.85 0.4538857679251715 1
0.0 0.86 -0.1617965074352852 1
0.0 0.87 -0.5540133574747467 1
0.0 0.88 -0.5827225103183614 1
0.0 0.89 -0.24915206386155422 1
0.0 0.9 0.3092264476670462 1
0.0 0.91 0.8666716265173302 1
0.0 0.92 1.1999558567521107 1
0.0 0.93 1.1690950258773214 1
0.0 0.9400000000000001 0.7753760201702908 1
0.0 0.9500000000000001 0.1563297332258612 1
0.0 0.96 -0.4622425654360604 1
0.0 0.97 -0.8570529347910076 1
0.0 0.98 -0.8880565434737296 1
0.0 0.99 -0.5564792250287159 1
0.0 1.0 0.000209453292094635 1
0.002 0.0 0.36699061484504214 1
0.002 0.01 0.365711108164867 1
0.002 0.02 0.36211644455234543 1
0.002 0.03 0.35689730627042565 1
0.002 0.04 0.3510767992654634 1
0.002 0.05 0.3458454741315602 1
0.002 0.06 0.3423782817457161 1
0.002 0.07 0.34166832493809446 1
0.002 0.08 0.344406937903907 1
0.002 0.09 0.35092797604211057 1
0.002 0.1 0.36121913116950677 1
0.002 0.11 0.37498835533772146 1
0.002 0.12 0.3917627285131012 1
0.002 0.13 0.41099288902056863 1
0.002 0.14 0.43213917646884137 1
0.002 0.15 0.45472457548156575 1
0.002 0.16 0.4783513974574417 1
0.002 0.17 0.5026896682156845 1
0.002 0.18 0.5274521199936554 1
0.002 0.19 0.5523717244842261 1
0.002 0.2 0.5771930940620862 1
0.002 0.21 0.6016809558650892 1
0.002 0.22 0.6256404944131297 1
0.002 0.23 0.6489388097109327 1
0.002 0.24 0.6715159916663406 1
0.002 0.25 0.6933784355436228 1
0.002 0.26 0.7145742361968304 1
0.002 0.27 0.7351578820133953 1
0.002 0.28 0.7551560908122761 1
0.002 0.29 0.7745466606130335 1
0.002 0.3 0.7932576104320511 1
0.002 0.31 0.8111864149853245 1
0.002 0.32 0.8282316584166894 1
0.002 0.33 0.8443248200229145 1
0.002 0.34 0.859449938566049 1
0.002 0.35000000000000003 0.8736435831557268 1
0.002 0.36 0.8869751110870512 1
0.002 0.37 0.8995147397254337 1
0.002 0.38 0.9113016233055159 1
0.002 0.39 0.9223241283203671 1
0.002 0.4 0.9325198439634341 1
0.002 0.41000000000000003 0.941795326901537 1
0.002 0.42 0.9500580420851411 1
0.002 0.43 0.9572483027734783 1
0.002 0.44 0.9633590130368094 1
0.002 0.45 0.9684356747476106 1
0.002 0.46 0.972556659042458 1
0.002 0.47000000000000003 0.9758012801970107 1
0.002 0.48 0.9782178685712547 1
0.002 0.49 0.9798040392841774 1
0.002 0.5 0.980506694567293 1
0.002 0.51 0.9802417597946065 1
0.002 0.52 0.9789261152346888 1
0.002 0.53 0.9765095268603914 1
0.002 0.54 0.972994379552641 1
0.002 0.55 0.9684356747467957 1
0.002 0.56 0.9629212925238012 1
0.002 0.5700000000000001 0.9565400561020883 1
0.002 0.58 0.9493497953978219 1
0.002 0.59 0.9413576063210728 1
0.002 0.6 0.9325198437629294 1
0.002 0.61 0.9227618482707266 1
0.002 0.62 0.9120098684426498 1
0.002 0.63 0.9002229823307832 1
0.002 0.64 0.8874128210711663 1
0.002 0.65 0.8736435565175668 1
0.002 0.66 0.8590121522891678 1
0.002 0.67 0.8436164149525189 1
0.002 0.68 0.8275230395243418 1
0.002 0.6900000000000001 0.8107478411636707 1
0.002 0.7000000000000001 0.7932557020701783 1
0.002 0.71 0.7749802175799164 1
0.002 0.72 0.7558554759917687 1
0.002 0.73 0.7358477302327774 1
0.002 0.74 0.7149746938934707 1
0.002 0.75 0.6933048187716199 1
0.002 0.76 0.6709364082204946 1
0.002 0.77 0.6479639176069213 1
0.002 0.78 0.6244434247335574 1
0.002 0.79 0.600369263437634 1
0.002 0.8 0.5756692370563274 1
0.002 0.81 0.550218486456761 1
0.002 0.8200000000000001 0.5238648997069251 1
0.002 0.8300000000000001 0.4964548190509301 1
0.002 0.84 0.4678484857984803 1
0.002 0.85 0.4379200768274191 1
0.002 0.86 0.40654537004800245 1
0.002 0.87 0.3735878816026142 1
0.002 0.88 0.33889853734498426 1
0.002 0.89 0.30234248631934996 1
0.002 0.9 0.26385936342792793 1
0.002 0.91 0.22355204885006505 1
0.002 0.92 0.18178713398157087 1
0.002 0.93 0.13928169692232664 1
0.002 0.9400000000000001 0.0971486478940355 1
0.002 0.9500000000000001 0.05687813338713225 1
0.002 0.96 0.020244460393852318 1
0.002 0.97 -0.010856011965984326 1
0.002 0.98 -0.03461444080537604 1
0.002 0.99 -0.049532669707114556 1
0.002 1.0 -0.05462076778649669 1
0.004 0.0 0.3604930529498153 1
0.004 0.01 0.36082977754408496 1
0.004 0.02 0.3618599316793476 1
0.004 0.03 0.3636414991366812 1
0.004 0.04 0.3662648059103756 1
0.004 0.05 0.36984375909557143 1
0.004 0.06 0.374504904383895 1
0.004 0.07 0.380375417458015 1
0.004 0.08 0.3875712031520208 1
0.004 0.09 0.39618619667544586 1
0.004 0.1 0.40628376296011653 1
0.004 0.11 0.417890807788848 1
0.004 0.12 0.43099489079287084 1
0.004 0.13 0.4455443097772942 1
0.004 0.14 0.4614508466437513 1
0.004 0.15 0.4785946552957619 1
0.004 0.16 0.4968306460036623 1
0.004 0.17 0.5159956801964073 1
0.004 0.18 0.5359159248058616 1
0.004 0.19 0.55641380869714 1
0.004 0.2 0.5773141542340661 1
0.004 0.21 0.5984492034416589 1
0.004 0.22 0.6196624020482939 1
0.004 0.23 0.6408109318239434 1
0.004 0.24 0.6617670829801485 1
0.004 0.25 0.6824186296350603 1
0.004 0.26 0.7026684121835666 1
0.004 0.27 0.7224333436490147 1
0.004 0.28 0.74164304765762 1
0.004 0.29 0.7602383097338893 1
0.004 0.3 0.7781694877608453 1
0.004 0.31 0.7953949879761784 1
0.004 0.32 0.8118798751281656 1
0.004 0.33 0.8275946532752724 1
0.004 0.34 0.8425142293092288 1
0.004 0.35000000000000003 0.8566170549867749 1
0.004 0.36 0.8698844339984302 1
0.004 0.37 0.8822999764250217 1
0.004 0.38 0.8938491816602132 1
0.004 0.39 0.9045191307279867 1
0.004 0.4 0.9142982688916608 1
0.004 0.41000000000000003 0.9231762593746825 1
0.004 0.42 0.9311438893466377 1
0.004 0.43 0.938193010718786 1
0.004 0.44 0.9443165011454858 1
0.004 0.45 0.9495082348099366 1
0.004 0.46 0.9537630573813453 1
0.004 0.47000000000000003 0.9570767639108784 1
0.004 0.48 0.9594460813622883 1
0.004 0.49 0.9608686583490911 1
0.004 0.5 0.9613430635359002 1
0.004 0.51 0.9608687917746794 1
0.004 0.52 0.9594462745035198 1
0.004 0.53 0.9570768893399253 1
0.004 0.54 0.9537629638339508 1
0.004 0.55 0.9495077700157659 1
0.004 0.56 0.9443155090101749 1
0.004 0.5700000000000001 0.9381912875106991 1
0.004 0.58 0.9311410892134996 1
0.004 0.59 0.9231717437168157 1
0.004 0.6 0.9142908928685948 1
0.004 0.61 0.9045069507393689 1
0.004 0.62 0.8938290493873985 1
0.004 0.63 0.8822669594869709 1
0.004 0.64 0.8698309734807815 1
0.004 0.65 0.8565317393927168 1
0.004 0.66 0.8423800354515487 1
0.004 0.67 0.8273864786119595 1
0.004 0.68 0.8115611634483852 1
0.004 0.6900000000000001 0.7949132318145542 1
0.004 0.7000000000000001 0.7774503789291283 1
0.004 0.71 0.7591783096362886 1
0.004 0.72 0.740100171211502 1
0.004 0.73 0.720216007569923 1
0.004 0.74 0.6995223043749079 1
0.004 0.75 0.6780117240506237 1
0.004 0.76 0.6556731609711631 1
0.004 0.77 0.6324922753096811 1
0.004 0.78 0.6084526830824417 1
0.004 0.79 0.5835379831111249 1
0.004 0.8 0.5577347824827377 1
0.004 0.81 0.5310368352856738 1
0.004 0.8200000000000001 0.5034503317095295 1
0.004 0.8300000000000001 0.47500026582951005 1
0.004 0.84 0.44573767433697453 1
0.004 0.85 0.4157473836463128 1
0.004 0.86 0.38515574286918963 1
0.004 0.87 0.35413767366567017 1
0.004 0.88 0.3229222572470258 1
0.004 0.89 0.2917960275312765 1
0.004 0.9 0.2611031694008858 1
0.004 0.91 0.23124194787340172 1
0.004 0.92 0.20265692319034195 1
0.004 0.93 0.17582683010000189 1
0.004 0.9400000000000001 0.15124839333921947 1
0.004 0.9500000000000001 0.12941677731957918 1
0.004 0.96 0.11080377714194857 1
0.004 0.97 0.09583519638180243 1
0.004 0.98 0.08486907389883425 1
0.004 0.99 0.07817647816131859 1
0.004 1.0 0.07592646312936477 1
0.006 0.0 0.37856478307988306 1
0.006 0.01 0.37907822361896404 1
0.006 0.02 0.3806211206381193 1
0.006 0.03 0.3832008767119258 1
0.006 0.04 0.3868287755122646 1
0.006 0.05 0.39151848557936 1
0.006 0.06 0.3972841274321637 1
0.006 0.07 0.40413804897394207 1
0.006 0.08 0.41208847338110766 1
0.006 0.09 0.4211371893784331 1
0.006 0.1 0.43127744600996604 1
0.006 0.11 0.44249219396130574 1
0.006 0.12 0.4547527854810503 1
0.006 0.13 0.4680182080623166 1
0.006 0.14 0.4822348867728151 1
0.006 0.15 0.49733705000566986 1
0.006 0.16 0.5132476167059625 1
0.006 0.17 0.5298795324684972 1
0.006 0.18 0.547137459176189 1
0.006 0.19 0.5649197090506332 1
0.006 0.2 0.5831203092333913 1
0.006 0.21 0.6016310866383987 1
0.006 0.22 0.6203436735155927 1
0.006 0.23 0.6391513502208988 1
0.006 0.24 0.6579506611665434 1
0.006 0.25 0.6766427608930331 1
0.006 0.26 0.6951344678964213 1
0.006 0.27 0.7133390227997854 1
0.006 0.28 0.7311765635959748 1
0.006 0.29 0.7485743433404319 1
0.006 0.3 0.7654667245646852 1
0.006 0.31 0.7817949898852188 1
0.006 0.32 0.7975070101439106 1
0.006 0.33 0.8125568104689158 1
0.006 0.34 0.8269040715272494 1
0.006 0.35000000000000003 0.8405135986192117 1
0.006 0.36 0.8533547857738332 1
0.006 0.37 0.8654010961988254 1
0.006 0.38 0.8766295747675865 1
0.006 0.39 0.8870204030220553 1
0.006 0.4 0.8965565026505735 1
0.006 0.41000000000000003 0.9052231896776292 1
0.006 0.42 0.9130078787040318 1
0.006 0.43 0.919899834422465 1
0.006 0.44 0.9258899662194998 1
0.006 0.45 0.9309706608494271 1
0.006 0.46 0.9351356478050024 1
0.006 0.47000000000000003 0.9383798919943103 1
0.006 0.48 0.9406995085503651 1
0.006 0.49 0.9420916949556528 1
0.006 0.5 0.9425546760809288 1
0.006 0.51 0.9420876581590616 1
0.006 0.52 0.9406907881022794 1
0.006 0.53 0.9383651149043346 1
0.006 0.54 0.9351125501437034 1
0.006 0.55 0.9309358248311893 1
0.006 0.56 0.9258384400509492 1
0.006 0.5700000000000001 0.9198246090678983 1
0.006 0.58 0.9128991888703145 1
0.006 0.59 0.9050675995508831 1
0.006 0.6 0.8963357305799579 1
0.006 0.61 0.8867098339767903 1
0.006 0.62 0.8761964057249096 1
0.006 0.63 0.8648020585871213 1
0.006 0.64 0.8525333918160065 1
0.006 0.65 0.8393968661570815 1
0.006 0.66 0.8253986959845379 1
0.006 0.67 0.8105447743072831 1
0.006 0.68 0.7948406505651819 1
0.006 0.6900000000000001 0.7782915853327742 1
0.006 0.7000000000000001 0.7609027098847102 1
0.006 0.71 0.7426793215728331 1
0.006 0.72 0.723627347547813 1
0.006 0.73 0.7037540088963011 1
0.006 0.74 0.6830687141128398 1
0.006 0.75 0.6615842043915392 1
0.006 0.76 0.6393179630454269 1
0.006 0.77 0.6162938872028529 1
0.006 0.78 0.5925442018638457 1
0.006 0.79 0.5681115748909664 1
0.006 0.8 0.5430513674749698 1
0.006 0.81 0.5174339294425839 1
0.006 0.8200000000000001 0.4913468242934679 1
0.006 0.8300000000000001 0.4648968472582468 1
0.006 0.84 0.43821168336954536 1
0.006 0.85 0.4114410439622239 1
0.006 0.86 0.3847571213735291 1
0.006 0.87 0.358354214616004 1
0.006 0.88 0.3324474044139589 1
0.006 0.89 0.30727019422201235 1
0.006 0.9 0.28307108354593846 1
0.006 0.91 0.26010909873924487 1
0.006 0.92 0.238648371007313 1
0.006 0.93 0.21895191723721294 1
0.006 0.9400000000000001 0.20127484149342328 1
0.006 0.9500000000000001 0.18585722838878108 1
0.006 0.96 0.17291703915266501 1
0.006 0.97 0.16264334295354257 1
0.006 0.98 0.1551902170075636 1
0.006 0.99 0.15067162793299976 1
0.006 1.0 0.1491575642180982 1
0.008 0.0 0.3995171455986974 1
0.008 0.01 0.4000403820123015 1
0.008 0.02 0.4016092579721398 1
0.008 0.03 0.4042211966859077 1
0.008 0.04 0.40787165229056926 1
0.008 0.05 0.4125537511867169 1
0.008 0.06 0.4182578249262795 1
0.008 0.07 0.42497086679494855 1
0.008 0.08 0.43267594955213695 1
0.008 0.09 0.4413516446299167 1
0.008 0.1 0.45097148331062015 1
0.008 0.11 0.461503498053456 1
0.008 0.12 0.47290987745651697 1
0.008 0.13 0.48514676171047855 1
0.008 0.14 0.49816419733230605 1
0.008 0.15 0.5119062610451847 1
0.008 0.16 0.5263113535066177 1
0.008 0.17 0.5413126547731479 1
0.008 0.18 0.5568387254589672 1
0.008 0.19 0.5728142309324031 1
0.008 0.2 0.5891607609138846 1
0.008 0.21 0.6057977136731486 1
0.008 0.22 0.6226432127186783 1
0.008 0.23 0.6396150243492195 1
0.008 0.24 0.6566314465082215 1
0.008 0.25 0.6736121427757238 1
0.008 0.26 0.6904788997213523 1
0.008 0.27 0.7071562908726156 1
0.008 0.28 0.7235722358712726 1
0.008 0.29 0.7396584486687907 1
0.008 0.3 0.7553507735652565 1
0.008 0.31 0.7705894122974226 1
0.008 0.32 0.7853190490680712 1
0.008 0.33 0.7994888832838153 1
0.008 0.34 0.8130525817975377 1
0.008 0.35000000000000003 0.8259681636554789 1
0.008 0.36 0.8381978307930968 1
0.008 0.37 0.8497077579066797 1
0.008 0.38 0.8604678539691288 1
0.008 0.39 0.8704515066877684 1
0.008 0.4 0.8796353197489112 1
0.008 0.41000000000000003 0.8879988510793158 1
0.008 0.42 0.8955243586858327 1
0.008 0.43 0.9021965590007683 1
0.008 0.44 0.9080024011318016 1
0.008 0.45 0.9129308590423423 1
0.008 0.46 0.9169727425038979 1
0.008 0.47000000000000003 0.9201205266838911 1
0.008 0.48 0.9223681994657091 1
0.008 0.49 0.9237111250391292 1
0.008 0.5 0.9241459219392832 1
0.008 0.51 0.9236703535391535 1
0.008 0.52 0.9222832290017854 1
0.008 0.53 0.9199843128629593 1
0.008 0.54 0.9167742417341848 1
0.008 0.55 0.9126544470831562 1
0.008 0.56 0.9076270836596091 1
0.008 0.5700000000000001 0.9016949638845569 1
0.008 0.58 0.894861499404191 1
0.008 0.59 0.8871306520160398 1
0.008 0.6 0.8785068972868292 1
0.008 0.61 0.8689952053711215 1
0.008 0.62 0.8586010447662262 1
0.008 0.63 0.8473304159455333 1
0.008 0.64 0.8351899229254983 1
0.008 0.65 0.8221868917498256 1
0.008 0.66 0.8083295455105346 1
0.008 0.67 0.7936272457495669 1
0.008 0.68 0.7780908097689962 1
0.008 0.6900000000000001 0.7617329123963958 1
0.008 0.7000000000000001 0.7445685789887165 1
0.008 0.71 0.7266157738205758 1
0.008 0.72 0.7078960844344885 1
0.008 0.73 0.6884354980246362 1
0.008 0.74 0.6682652605379571 1
0.008 0.75 0.6474228030357548 1
0.008 0.76 0.6259527131746443 1
0.008 0.77 0.6039077227286649 1
0.008 0.78 0.5813496752533303 1
0.008 0.79 0.5583504317215063 1
0.008 0.8 0.5349926667208675 1
0.008 0.81 0.511370504092906 1
0.008 0.8200000000000001 0.48758993919986454 1
0.008 0.8300000000000001 0.4637689957619416 1
0.008 0.84 0.4400375687540775 1
0.008 0.85 0.416536911399549 1
0.008 0.86 0.3934187338908479 1
0.008 0.87 0.3708438939592633 1
0.008 0.88 0.34898067444939646 1
0.008 0.89 0.3280026600730141 1
0.008 0.9 0.3080862437675382 1
0.008 0.91 0.2894078116596677 1
0.008 0.92 0.2721406735167359 1
0.008 0.93 0.25645182169233965 1
0.008 0.9400000000000001 0.24249861489670343 1
0.008 0.9500000000000001 0.23042549270208323 1
0.008 0.96 0.2203608317558908 1
0.008 0.97 0.21241405468069285 1
0.008 0.98 0.2066730973381591 1
0.008 0.99 0.20320232958759257 1
0.008 1.0 0.202041009269114 1
