0.0 0.0 1.95514177764311e-15 1
0.0 0.01 -0.020000000000002207 1
0.0 0.02 4.173360716482605e-16 1
0.0 0.03 -0.02000000000000311 1
0.0 0.04 1.3811602487540225e-15 1
0.0 0.05 -0.01999999999999888 1
0.0 0.06 3.1678263761425565e-15 1
0.0 0.07 -0.02000000000000228 1
0.0 0.08 -1.1803315885083545e-15 1
0.0 0.09 -0.019999999999999084 1
0.0 0.1 -2.507356250558663e-15 1
0.0 0.11 -0.01999999999999936 1
0.0 0.12 1.241667439853555e-15 1
0.0 0.13 -0.019999999999998665 1
0.0 0.14 -1.0833375143850936e-15 1
0.0 0.15 -0.01999999999999789 1
0.0 0.16 5.6103886587366656e-15 1
0.0 0.17 -0.02000000000000991 1
0.0 0.18 4.5623366041630664e-15 1
0.0 0.19 -0.019999999999997027 1
0.0 0.2 -3.458085641118872e-15 1
0.0 0.21 -0.019999999999998123 1
0.0 0.22 -9.5333350886615e-16 1
0.0 0.23 -0.020000000000002262 1
0.0 0.24 -3.529751393503724e-15 1
0.0 0.25 0.9800000000000075 1
0.0 0.26 0.9999999999999938 1
0.0 0.27 0.9800000000000059 1
0.0 0.28 0.9999999999999968 1
0.0 0.29 0.98 1
0.0 0.3 0.9999999999999989 1
0.0 0.31 0.9800000000000024 1
0.0 0.32 0.9999999999999991 1
0.0 0.33 0.9800000000000006 1
0.0 0.34 0.9999999999999948 1
0.0 0.35000000000000003 0.9800000000000021 1
0.0 0.36 1.0000000000000022 1
0.0 0.37 0.9799999999999955 1
0.0 0.38 0.9999999999999991 1
0.0 0.39 0.9799999999999994 1
0.0 0.4 0.9999999999999997 1
0.0 0.41000000000000003 0.9800000000000052 1
0.0 0.42 0.9999999999999992 1
0.0 0.43 0.9799999999999998 1
0.0 0.44 0.9999999999999992 1
0.0 0.45 0.9799999999999983 1
0.0 0.46 0.9999999999999951 1
0.0 0.47000000000000003 0.9800000000000043 1
0.0 0.48 1.0000000000000062 1
0.0 0.49 0.9799999999999957 1
0.0 0.5 1.000000000000003 1
0.0 0.51 0.9799999999999957 1
0.0 0.52 0.9999999999999938 1
0.0 0.53 0.9800000000000039 1
0.0 0.54 0.9999999999999984 1
0.0 0.55 0.979999999999996 1
0.0 0.56 1.0000000000000002 1
0.0 0.5700000000000001 0.9800000000000072 1
0.0 0.58 1.0000000000000042 1
0.0 0.59 0.9799999999999978 1
0.0 0.6 1.0000000000000013 1
0.0 0.61 0.9799999999999943 1
0.0 0.62 1.0000000000000029 1
0.0 0.63 0.9800000000000038 1
0.0 0.64 0.9999999999999963 1
0.0 0.65 0.9799999999999981 1
0.0 0.66 0.9999999999999998 1
0.0 0.67 0.9800000000000024 1
0.0 0.68 1.0 1
0.0 0.6900000000000001 0.979999999999999 1
0.0 0.7000000000000001 1.0000000000000042 1
0.0 0.71 0.9800000000000025 1
0.0 0.72 0.9999999999999981 1
0.0 0.73 0.9799999999999993 1
0.0 0.74 1.0000000000000004 1
0.0 0.75 0.9800000000000002 1
0.0 0.76 -2.0514096823270706e-15 1
0.0 0.77 -0.019999999999998887 1
0.0 0.78 3.488645421533403e-15 1
0.0 0.79 -0.020000000000002013 1
0.0 0.8 9.909178548720905e-17 1
0.0 0.81 -0.0200000000000008 1
0.0 0.8200000000000001 1.5477389489876106e-15 1
0.0 0.8300000000000001 -0.019999999999998557 1
0.0 0.84 -1.336680535233301e-15 1
0.0 0.85 -0.020000000000000986 1
0.0 0.86 3.4479824525759803e-15 1
0.0 0.87 -0.020000000000004525 1
0.0 0.88 1.8039648828754766e-15 1
0.0 0.89 -0.02000000000000071 1
0.0 0.9 2.8828154628903933e-15 1
0.0 0.91 -0.020000000000000125 1
0.0 0.92 -5.375513687859745e-15 1
0.0 0.93 -0.019999999999994758 1
0.0 0.9400000000000001 1.8624380233211895e-15 1
0.0 0.9500000000000001 -0.01999999999999644 1
0.0 0.96 4.992799992048361e-16 1
0.0 0.97 -0.02000000000000821 1
0.0 0.98 2.711454557710408e-15 1
0.0 0.99 -0.020000000000000677 1
0.0 1.0 -2.593303176368078e-15 1
0.002 0.0 -0.00989460400352977 1
0.002 0.01 -0.009873034964855094 1
0.002 0.02 -0.00980178366675393 1
0.002 0.03 -0.00966000990167092 1
0.002 0.04 -0.009408923324031164 1
0.002 0.05 -0.008985620369903673 1
0.002 0.06 -0.008294408778831128 1
0.002 0.07 -0.007195817529359214 1
0.002 0.08 -0.0054938674431571485 1
0.002 0.09 -0.0029227336563017498 1
0.002 0.1 0.0008653800408348968 1
0.002 0.11 0.00630861978718242 1
0.002 0.12 0.013937005538181169 1
0.002 0.13 0.024363778222780116 1
0.002 0.14 0.038263612992238384 1
0.002 0.15 0.05633585191003175 1
0.002 0.16 0.07925280653028924 1
0.002 0.17 0.1075957195442987 1
0.002 0.18 0.14178379861874368 1
0.002 0.19 0.18200430677077176 1
0.002 0.2 0.2281533864441598 1
0.002 0.21 0.2797975411902466 1
0.002 0.22 0.33616415439205194 1
0.002 0.23 0.3961661018134946 1
0.002 0.24 0.45846084347475596 1
0.002 0.25 0.5215391565252536 1
0.002 0.26 0.5838338981865314 1
0.002 0.27 0.6438358456080323 1
0.002 0.28 0.7002024588100233 1
0.002 0.29 0.7518466135566865 1
0.002 0.3 0.797995693231819 1
0.002 0.31 0.8382162013889902 1
0.002 0.32 0.8724042804782233 1
0.002 0.33 0.9007471935336839 1
0.002 0.34 0.923664148267218 1
0.002 0.35000000000000003 0.9417363874868007 1
0.002 0.36 0.9556362230400732 1
0.002 0.37 0.96606299770919 1
0.002 0.38 0.9736913883581443 1
0.002 0.39 0.9791346398880598 1
0.002 0.4 0.9829227812179199 1
0.002 0.41000000000000003 0.9854939781639851 1
0.002 0.42 0.9871960689505562 1
0.002 0.43 0.9882949656758288 1
0.002 0.44 0.9889868236004181 1
0.002 0.45 0.9894114591784228 1
0.002 0.46 0.9896652230710171 1
0.002 0.47000000000000003 0.989812237652794 1
0.002 0.48 0.9898934836349093 1
0.002 0.49 0.9899336208155569 1
0.002 0.5 0.98994565267286 1
0.002 0.51 0.9899336208155569 1
0.002 0.52 0.9898934836349093 1
0.002 0.53 0.989812237652794 1
0.002 0.54 0.9896652230710172 1
0.002 0.55 0.9894114591784228 1
0.002 0.56 0.9889868236004179 1
0.002 0.5700000000000001 0.9882949656758288 1
0.002 0.58 0.9871960689505562 1
0.002 0.59 0.9854939781639851 1
0.002 0.6 0.98292278121792 1
0.002 0.61 0.9791346398880594 1
0.002 0.62 0.9736913883581442 1
0.002 0.63 0.9660629977091898 1
0.002 0.64 0.9556362230400729 1
0.002 0.65 0.9417363874868004 1
0.002 0.66 0.9236641482672174 1
0.002 0.67 0.9007471935336837 1
0.002 0.68 0.8724042804782228 1
0.002 0.6900000000000001 0.8382162013889901 1
0.002 0.7000000000000001 0.7979956932318187 1
0.002 0.71 0.7518466135566868 1
0.002 0.72 0.7002024588100233 1
0.002 0.73 0.6438358456080322 1
0.002 0.74 0.5838338981865314 1
0.002 0.75 0.5215391565252538 1
0.002 0.76 0.45846084347475613 1
0.002 0.77 0.39616610181349443 1
0.002 0.78 0.3361641543920521 1
0.002 0.79 0.27979754119024647 1
0.002 0.8 0.2281533864441598 1
0.002 0.81 0.18200430677077153 1
0.002 0.8200000000000001 0.14178379861874366 1
0.002 0.8300000000000001 0.1075957195442982 1
0.002 0.84 0.07925280653028943 1
0.002 0.85 0.0563358519100317 1
0.002 0.86 0.03826361299223861 1
0.002 0.87 0.024363778222780005 1
0.002 0.88 0.013937005538181248 1
0.002 0.89 0.0063086197871824274 1
0.002 0.9 0.0008653800408350166 1
0.002 0.91 -0.0029227336563018903 1
0.002 0.92 -0.005493867443156923 1
0.002 0.93 -0.0071958175293592086 1
0.002 0.9400000000000001 -0.008294408778830795 1
0.002 0.9500000000000001 -0.008985620369903417 1
0.002 0.96 -0.009408923324030944 1
0.002 0.97 -0.009660009901670714 1
0.002 0.98 -0.00980178366675378 1
0.002 0.99 -0.009873034964854853 1
0.002 1.0 -0.009894604003529548 1
0.004 0.0 -0.003867481910837153 1
0.004 0.01 -0.0035459859377719046 1
0.004 0.02 -0.002563467369907474 1
0.004 0.03 -0.0008660313489190396 1
0.004 0.04 0.001635443356029031 1
0.004 0.05 0.005064091678991423 1
0.004 0.06 0.009575069781552712 1
0.004 0.07 0.015352533558871907 1
0.004 0.08 0.02260532970061253 1
0.004 0.09 0.031561172559261004 1
0.004 0.1 0.04245915514619704 1
0.004 0.11 0.05554055932977925 1
0.004 0.12 0.07103808225728532 1
0.004 0.13 0.08916377170171516 1
0.004 0.14 0.1100961464166831 1
0.004 0.15 0.13396714916727478 1
0.004 0.16 0.16084971871028622 1
0.004 0.17 0.19074685212752734 1
0.004 0.18 0.22358304344856597 1
0.004 0.19 0.2591989173370119 1
0.004 0.2 0.29734972488051553 1
0.004 0.21 0.3377081388981832 1
0.004 0.22 0.37987149505186524 1
0.004 0.23 0.42337329734438534 1
0.004 0.24 0.4676984732952537 1
0.004 0.25 0.5123015587551197 1
0.004 0.26 0.5566267470016509 1
0.004 0.27 0.6001285779270125 1
0.004 0.28 0.6422919882256196 1
0.004 0.29 0.6826504986167089 1
0.004 0.3 0.7208014732218948 1
0.004 0.31 0.7564176318473715 1
0.004 0.32 0.789254301647561 1
0.004 0.33 0.8191522284521344 1
0.004 0.34 0.8460360963925904 1
0.004 0.35000000000000003 0.8699091963946887 1
0.004 0.36 0.890844914680598 1
0.004 0.37 0.9089758652254927 1
0.004 0.38 0.9244815583845227 1
0.004 0.39 0.9375754843942915 1
0.004 0.4 0.948492406056174 1
0.004 0.41000000000000003 0.957476516471475 1
0.004 0.42 0.9647709453605664 1
0.004 0.43 0.970608912021554 1
0.004 0.44 0.9752066434207538 1
0.004 0.45 0.9787580178681771 1
0.004 0.46 0.9814307693774328 1
0.004 0.47000000000000003 0.9833640015588051 1
0.004 0.48 0.9846667147247296 1
0.004 0.49 0.985417044050859 1
0.004 0.5 0.9856619355727706 1
0.004 0.51 0.985417044050859 1
0.004 0.52 0.9846667147247296 1
0.004 0.53 0.983364001558805 1
0.004 0.54 0.9814307693774328 1
0.004 0.55 0.9787580178681771 1
0.004 0.56 0.9752066434207538 1
0.004 0.5700000000000001 0.970608912021554 1
0.004 0.58 0.9647709453605664 1
0.004 0.59 0.957476516471475 1
0.004 0.6 0.948492406056174 1
0.004 0.61 0.9375754843942914 1
0.004 0.62 0.9244815583845228 1
0.004 0.63 0.9089758652254927 1
0.004 0.64 0.8908449146805977 1
0.004 0.65 0.8699091963946884 1
0.004 0.66 0.8460360963925899 1
0.004 0.67 0.8191522284521341 1
0.004 0.68 0.7892543016475605 1
0.004 0.6900000000000001 0.7564176318473712 1
0.004 0.7000000000000001 0.720801473221895 1
0.004 0.71 0.6826504986167095 1
0.004 0.72 0.6422919882256196 1
0.004 0.73 0.6001285779270126 1
0.004 0.74 0.5566267470016509 1
0.004 0.75 0.5123015587551198 1
0.004 0.76 0.467698473295254 1
0.004 0.77 0.42337329734438534 1
0.004 0.78 0.37987149505186546 1
0.004 0.79 0.3377081388981831 1
0.004 0.8 0.29734972488051553 1
0.004 0.81 0.25919891733701167 1
0.004 0.8200000000000001 0.223583043448566 1
0.004 0.8300000000000001 0.19074685212752696 1
0.004 0.84 0.16084971871028647 1
0.004 0.85 0.13396714916727484 1
0.004 0.86 0.11009614641668329 1
0.004 0.87 0.08916377170171517 1
0.004 0.88 0.07103808225728549 1
0.004 0.89 0.05554055932977927 1
0.004 0.9 0.042459155146197136 1
0.004 0.91 0.03156117255926094 1
0.004 0.92 0.022605329700612683 1
0.004 0.93 0.015352533558871896 1
0.004 0.9400000000000001 0.00957506978155294 1
0.004 0.9500000000000001 0.005064091678991615 1
0.004 0.96 0.001635443356029186 1
0.004 0.97 -0.0008660313489188924 1
0.004 0.98 -0.0025634673699073446 1
0.004 0.99 -0.003545985937771733 1
0.004 1.0 -0.003867481910836983 1
0.006 0.0 0.015266043829850636 1
0.006 0.01 0.015876166737321118 1
0.006 0.02 0.017716654821628396 1
0.006 0.03 0.020817444244590387 1
0.006 0.04 0.025227029415769674 1
0.006 0.05 0.031010390078307987 1
0.006 0.06 0.03824614306442301 1
0.006 0.07 0.04702297704077606 1
0.006 0.08 0.05743545070736723 1
0.006 0.09 0.06957925965433374 1
0.006 0.1 0.0835461035215584 1
0.006 0.11 0.09941831173265066 1
0.006 0.12 0.11726341085697976 1
0.006 0.13 0.1371288372125611 1
0.006 0.14 0.1590370121579458 1
0.006 0.15 0.18298100227153355 1
0.006 0.16 0.20892098033273357 1
0.006 0.17 0.23678168441917832 1
0.006 0.18 0.2664510411121015 1
0.006 0.19 0.2977800753658602 1
0.006 0.2 0.33058417571460647 1
0.006 0.21 0.3646457218288963 1
0.006 0.22 0.3997180155096217 1
0.006 0.23 0.4355303901178361 1
0.006 0.24 0.47179431155433665 1
0.006 0.25 0.5082102304900198 1
0.006 0.26 0.5444749044041679 1
0.006 0.27 0.5802888821002787 1
0.006 0.28 0.6153638346435257 1
0.006 0.29 0.6494294257483834 1
0.006 0.3 0.6822394408679573 1
0.006 0.31 0.7135769356668159 1
0.006 0.32 0.7432582181799148 1
0.006 0.33 0.7711355409398406 1
0.006 0.34 0.7970984453854142 1
0.006 0.35000000000000003 0.8210737665345832 1
0.006 0.36 0.8430243670649072 1
0.006 0.37 0.862946723038401 1
0.006 0.38 0.8808675258264161 1
0.006 0.39 0.896839494643717 1
0.006 0.4 0.9109366108804708 1
0.006 0.41000000000000003 0.9232489895637472 1
0.006 0.42 0.9338775961410062 1
0.006 0.43 0.9429290004277521 1
0.006 0.44 0.9505103365362156 1
0.006 0.45 0.9567246106307178 1
0.006 0.46 0.9616664700924399 1
0.006 0.47000000000000003 0.9654185204619758 1
0.006 0.48 0.9680482521982475 1
0.006 0.49 0.969605619049921 1
0.006 0.5 0.9701212941906386 1
0.006 0.51 0.969605619049921 1
0.006 0.52 0.9680482521982475 1
0.006 0.53 0.9654185204619758 1
0.006 0.54 0.9616664700924399 1
0.006 0.55 0.9567246106307178 1
0.006 0.56 0.9505103365362155 1
0.006 0.5700000000000001 0.9429290004277521 1
0.006 0.58 0.9338775961410062 1
0.006 0.59 0.9232489895637471 1
0.006 0.6 0.9109366108804708 1
0.006 0.61 0.8968394946437171 1
0.006 0.62 0.8808675258264164 1
0.006 0.63 0.8629467230384011 1
0.006 0.64 0.843024367064907 1
0.006 0.65 0.8210737665345832 1
0.006 0.66 0.7970984453854139 1
0.006 0.67 0.7711355409398406 1
0.006 0.68 0.7432582181799144 1
0.006 0.6900000000000001 0.7135769356668158 1
0.006 0.7000000000000001 0.6822394408679573 1
0.006 0.71 0.6494294257483838 1
0.006 0.72 0.6153638346435256 1
0.006 0.73 0.5802888821002788 1
0.006 0.74 0.5444749044041679 1
0.006 0.75 0.5082102304900199 1
0.006 0.76 0.4717943115543369 1
0.006 0.77 0.4355303901178361 1
0.006 0.78 0.399718015509622 1
0.006 0.79 0.3646457218288963 1
0.006 0.8 0.3305841757146066 1
0.006 0.81 0.2977800753658601 1
0.006 0.8200000000000001 0.2664510411121015 1
0.006 0.8300000000000001 0.236781684419178 1
0.006 0.84 0.2089209803327338 1
0.006 0.85 0.18298100227153366 1
0.006 0.86 0.159037012157946 1
0.006 0.87 0.13712883721256114 1
0.006 0.88 0.11726341085697994 1
0.006 0.89 0.09941831173265067 1
0.006 0.9 0.08354610352155849 1
0.006 0.91 0.0695792596543337 1
0.006 0.92 0.05743545070736734 1
0.006 0.93 0.04702297704077603 1
0.006 0.9400000000000001 0.03824614306442317 1
0.006 0.9500000000000001 0.03101039007830812 1
0.006 0.96 0.02522702941576985 1
0.006 0.97 0.0208174442445905 1
0.006 0.98 0.01771665482162856 1
0.006 0.99 0.015876166737321253 1
0.006 1.0 0.015266043829850771 1
0.008 0.0 0.04269650777264607 1
0.008 0.01 0.043436691418741825 1
0.008 0.02 0.0456606880144502 1
0.008 0.03 0.049378592233161 1
0.008 0.04 0.05460642915075552 1
0.008 0.05 0.06136498397880676 1
0.008 0.06 0.06967822061435543 1
0.008 0.07 0.07957134432000469 1
0.008 0.08 0.0910685773132866 1
0.008 0.09 0.10419072769967351 1
0.008 0.1 0.11895264158968291 1
0.008 0.11 0.13536063496603068 1
0.008 0.12 0.15341000551283296 1
0.008 0.13 0.17308272484846962 1
0.008 0.14 0.19434540817444593 1
0.008 0.15 0.21714765114887274 1
0.008 0.16 0.24142081285502065 1
0.008 0.17 0.267077309279626 1
0.008 0.18 0.29401046414685306 1
0.008 0.19 0.32209494386246595 1
0.008 0.2 0.3511877814691416 1
0.008 0.21 0.3811299717978777 1
0.008 0.22 0.41174859741865727 1
0.008 0.23 0.4428594235856299 1
0.008 0.24 0.474269881160888 1
0.008 0.25 0.5057823404299594 1
0.008 0.26 0.5371975665959037 1
0.008 0.27 0.568318240170365 1
0.008 0.28 0.5989524228498714 1
0.008 0.29 0.6289168518969632 1
0.008 0.3 0.6580399533951229 1
0.008 0.31 0.6861644766141333 1
0.008 0.32 0.7131496674792919 1
0.008 0.33 0.7388729179673339 1
0.008 0.34 0.7632308492042484 1
0.008 0.35000000000000003 0.7861398080933762 1
0.008 0.36 0.8075357794258864 1
0.008 0.37 0.827373736642205 1
0.008 0.38 0.8456264738514485 1
0.008 0.39 0.8622829786556874 1
0.008 0.4 0.8773464192261616 1
0.008 0.41000000000000003 0.890831829593017 1
0.008 0.42 0.902763584086441 1
0.008 0.43 0.9131727553325902 1
0.008 0.44 0.9220944503436748 1
0.008 0.45 0.9295652163489868 1
0.008 0.46 0.9356206024748247 1
0.008 0.47000000000000003 0.9402929556206159 1
0.008 0.48 0.9436095193268659 1
0.008 0.49 0.9455908934954057 1
0.008 0.5 0.9462499008671323 1
0.008 0.51 0.9455908934954057 1
0.008 0.52 0.9436095193268659 1
0.008 0.53 0.9402929556206158 1
0.008 0.54 0.9356206024748247 1
0.008 0.55 0.9295652163489868 1
0.008 0.56 0.9220944503436747 1
0.008 0.5700000000000001 0.9131727553325903 1
0.008 0.58 0.9027635840864411 1
0.008 0.59 0.890831829593017 1
0.008 0.6 0.8773464192261617 1
0.008 0.61 0.8622829786556874 1
0.008 0.62 0.8456264738514485 1
0.008 0.63 0.827373736642205 1
0.008 0.64 0.8075357794258864 1
0.008 0.65 0.7861398080933764 1
0.008 0.66 0.7632308492042481 1
0.008 0.67 0.7388729179673338 1
0.008 0.68 0.7131496674792916 1
0.008 0.6900000000000001 0.6861644766141332 1
0.008 0.7000000000000001 0.6580399533951229 1
0.008 0.71 0.6289168518969636 1
0.008 0.72 0.5989524228498713 1
0.008 0.73 0.5683182401703651 1
0.008 0.74 0.5371975665959036 1
0.008 0.75 0.5057823404299595 1
0.008 0.76 0.4742698811608883 1
0.008 0.77 0.4428594235856299 1
0.008 0.78 0.4117485974186575 1
0.008 0.79 0.3811299717978778 1
0.008 0.8 0.3511877814691417 1
0.008 0.81 0.32209494386246584 1
0.008 0.8200000000000001 0.2940104641468531 1
0.008 0.8300000000000001 0.26707730927962575 1
0.008 0.84 0.24142081285502087 1
0.008 0.85 0.21714765114887286 1
0.008 0.86 0.19434540817444604 1
0.008 0.87 0.17308272484846962 1
0.008 0.88 0.15341000551283315 1
0.008 0.89 0.13536063496603068 1
0.008 0.9 0.11895264158968302 1
0.008 0.91 0.1041907276996735 1
0.008 0.92 0.09106857731328667 1
0.008 0.93 0.07957134432000464 1
0.008 0.9400000000000001 0.06967822061435551 1
0.008 0.9500000000000001 0.06136498397880686 1
0.008 0.96 0.054606429150755656 1
0.008 0.97 0.04937859223316109 1
0.008 0.98 0.045660688014450286 1
0.008 0.99 0.04343669141874193 1
0.008 1.0 0.04269650777264617 1
