0.0 0.0 0.0 1
0.0 0.01 0.0 1
0.0 0.02 0.0 1
0.0 0.03 0.0 1
0.0 0.04 0.0 1
0.0 0.05 0.0 1
0.0 0.06 0.0 1
0.0 0.07 0.0 1
0.0 0.08 0.0 1
0.0 0.09 0.0 1
0.0 0.1 0.0 1
0.0 0.11 0.0 1
0.0 0.12 0.0 1
0.0 0.13 0.0 1
0.0 0.14 0.0 1
0.0 0.15 0.0 1
0.0 0.16 0.0 1
0.0 0.17 0.0 1
0.0 0.18 0.0 1
0.0 0.19 0.0 1
0.0 0.2 0.0 1
0.0 0.21 0.0 1
0.0 0.22 0.0 1
0.0 0.23 0.0 1
0.0 0.24 0.0 1
0.0 0.25 1.0 1
0.0 0.26 1.0 1
0.0 0.27 1.0 1
0.0 0.28 1.0 1
0.0 0.29 1.0 1
0.0 0.3 1.0 1
0.0 0.31 1.0 1
0.0 0.32 1.0 1
0.0 0.33 1.0 1
0.0 0.34 1.0 1
0.0 0.35000000000000003 1.0 1
0.0 0.36 1.0 1
0.0 0.37 1.0 1
0.0 0.38 1.0 1
0.0 0.39 1.0 1
0.0 0.4 1.0 1
0.0 0.41000000000000003 1.0 1
0.0 0.42 1.0 1
0.0 0.43 1.0 1
0.0 0.44 1.0 1
0.0 0.45 1.0 1
0.0 0.46 1.0 1
0.0 0.47000000000000003 1.0 1
0.0 0.48 1.0 1
0.0 0.49 1.0 1
0.0 0.5 1.0 1
0.0 0.51 1.0 1
0.0 0.52 1.0 1
0.0 0.53 1.0 1
0.0 0.54 1.0 1
0.0 0.55 1.0 1
0.0 0.56 1.0 1
0.0 0.5700000000000001 1.0 1
0.0 0.58 1.0 1
0.0 0.59 1.0 1
0.0 0.6 1.0 1
0.0 0.61 1.0 1
0.0 0.62 1.0 1
0.0 0.63 1.0 1
0.0 0.64 1.0 1
0.0 0.65 1.0 1
0.0 0.66 1.0 1
0.0 0.67 1.0 1
0.0 0.68 1.0 1
0.0 0.6900000000000001 1.0 1
0.0 0.7000000000000001 1.0 1
0.0 0.71 1.0 1
0.0 0.72 1.0 1
0.0 0.73 1.0 1
0.0 0.74 1.0 1
0.0 0.75 1.0 1
0.0 0.76 0.0 1
0.0 0.77 0.0 1
0.0 0.78 0.0 1
0.0 0.79 0.0 1
0.0 0.8 0.0 1
0.0 0.81 0.0 1
0.0 0.8200000000000001 0.0 1
0.0 0.8300000000000001 0.0 1
0.0 0.84 0.0 1
0.0 0.85 0.0 1
0.0 0.86 0.0 1
0.0 0.87 0.0 1
0.0 0.88 0.0 1
0.0 0.89 0.0 1
0.0 0.9 0.0 1
0.0 0.91 0.0 1
0.0 0.92 0.0 1
0.0 0.93 0.0 1
0.0 0.9400000000000001 0.0 1
0.0 0.9500000000000001 0.0 1
0.0 0.96 0.0 1
0.0 0.97 0.0 1
0.0 0.98 0.0 1
0.0 0.99 0.0 1
0.0 1.0 0.0 1
0.002 0.0 0.0 1
0.002 0.01 7.261770800496545e-05 1
0.002 0.02 0.00017085396083046196 1
0.002 0.03 0.00032654011129799193 1
0.002 0.04 0.0005846222756339642 1
0.002 0.05 0.0010113559817584686 1
0.002 0.06 0.0017042085296176581 1
0.002 0.07 0.0028035652833320965 1
0.002 0.08 0.00450586365928726 1
0.002 0.09 0.007077151998783639 1
0.002 0.1 0.010865332584935524 1
0.002 0.11 0.01630860056550414 1
0.002 0.12 0.023936997940070807 1
0.002 0.13 0.03436377529175508 1
0.002 0.14 0.048263611888870295 1
0.002 0.15 0.06633585150471309 1
0.002 0.16 0.08925280638499872 1
0.002 0.17 0.11759571949347881 1
0.002 0.18 0.1517837986013987 1
0.002 0.19 0.19200430676499533 1
0.002 0.2 0.23815338644228268 1
0.002 0.21 0.2897975411896513 1
0.002 0.22 0.34616415439186754 1
0.002 0.23 0.4061661018134387 1
0.002 0.24 0.46846084347473926 1
0.002 0.25 0.5315391565252489 1
0.002 0.26 0.5938338981865301 1
0.002 0.27 0.6538358456080318 1
0.002 0.28 0.7102024588100229 1
0.002 0.29 0.7618466135566865 1
0.002 0.3 0.8079956932318186 1
0.002 0.31 0.8482162013889901 1
0.002 0.32 0.8824042804782231 1
0.002 0.33 0.9107471935336835 1
0.002 0.34 0.9336641482672174 1
0.002 0.35000000000000003 0.9517363874868006 1
0.002 0.36 0.965636223040073 1
0.002 0.37 0.9760629977091897 1
0.002 0.38 0.983691388358144 1
0.002 0.39 0.9891346398880595 1
0.002 0.4 0.9929227812179198 1
0.002 0.41000000000000003 0.9954939781639848 1
0.002 0.42 0.997196068950556 1
0.002 0.43 0.9982949656758288 1
0.002 0.44 0.998986823600418 1
0.002 0.45 0.9994114591784227 1
0.002 0.46 0.999665223071017 1
0.002 0.47000000000000003 0.9998122376527938 1
0.002 0.48 0.9998934836349093 1
0.002 0.49 0.9999336208155569 1
0.002 0.5 0.9999456526728595 1
0.002 0.51 0.9999336208155569 1
0.002 0.52 0.9998934836349093 1
0.002 0.53 0.9998122376527938 1
0.002 0.54 0.9996652230710168 1
0.002 0.55 0.9994114591784228 1
0.002 0.56 0.9989868236004178 1
0.002 0.5700000000000001 0.9982949656758289 1
0.002 0.58 0.997196068950556 1
0.002 0.59 0.9954939781639848 1
0.002 0.6 0.9929227812179197 1
0.002 0.61 0.9891346398880593 1
0.002 0.62 0.983691388358144 1
0.002 0.63 0.9760629977091899 1
0.002 0.64 0.9656362230400728 1
0.002 0.65 0.9517363874868006 1
0.002 0.66 0.9336641482672172 1
0.002 0.67 0.9107471935336834 1
0.002 0.68 0.882404280478223 1
0.002 0.6900000000000001 0.84821620138899 1
0.002 0.7000000000000001 0.8079956932318185 1
0.002 0.71 0.7618466135566869 1
0.002 0.72 0.7102024588100231 1
0.002 0.73 0.6538358456080319 1
0.002 0.74 0.5938338981865303 1
0.002 0.75 0.5315391565252491 1
0.002 0.76 0.46846084347473954 1
0.002 0.77 0.40616610181343876 1
0.002 0.78 0.3461641543918679 1
0.002 0.79 0.2897975411896513 1
0.002 0.8 0.23815338644228282 1
0.002 0.81 0.1920043067649952 1
0.002 0.8200000000000001 0.1517837986013985 1
0.002 0.8300000000000001 0.11759571949347854 1
0.002 0.84 0.08925280638499891 1
0.002 0.85 0.06633585150471316 1
0.002 0.86 0.04826361188887047 1
0.002 0.87 0.034363775291755126 1
0.002 0.88 0.023936997940071 1
0.002 0.89 0.01630860056550428 1
0.002 0.9 0.010865332584935808 1
0.002 0.91 0.007077151998783612 1
0.002 0.92 0.004505863659287407 1
0.002 0.93 0.0028035652833319287 1
0.002 0.9400000000000001 0.0017042085296180133 1
0.002 0.9500000000000001 0.0010113559817587494 1
0.002 0.96 0.000584622275634292 1
0.002 0.97 0.00032654011129788134 1
0.002 0.98 0.00017085396083043683 1
0.002 0.99 7.261770800484693e-05 1
0.002 1.0 -1.008304475036557e-17 1
0.004 0.0 0.0 1
0.004 0.01 0.002115949634998698 1
0.004 0.02 0.004403138820972784 1
0.004 0.03 0.007037361797766989 1
0.004 0.04 0.010203117924703523 1
0.004 0.05 0.014096960882702491 1
0.004 0.06 0.018929666798633473 1
0.004 0.07 0.024926872962058495 1
0.004 0.08 0.032327890323871025 1
0.004 0.09 0.04138246980124113 1
0.004 0.1 0.05234540811343839 1
0.004 0.11 0.06546901380219235 1
0.004 0.12 0.08099361430452053 1
0.004 0.13 0.09913646160054855 1
0.004 0.14 0.12007957342468585 1
0.004 0.15 0.14395721182036483 1
0.004 0.16 0.1708438313188544 1
0.004 0.17 0.20074340585350203 1
0.004 0.18 0.23358105028425147 1
0.004 0.19 0.26919777841182785 1
0.004 0.2 0.3073490818984139 1
0.004 0.21 0.3477077802675865 1
0.004 0.22 0.38987129743041404 1
0.004 0.23 0.433373189759076 1
0.004 0.24 0.47769841543262437 1
0.004 0.25 0.5223015280108555 1
0.004 0.26 0.5666267308638067 1
0.004 0.27 0.6101285695587098 1
0.004 0.28 0.6522919839388032 1
0.004 0.29 0.6926504964473396 1
0.004 0.3 0.7308014721373965 1
0.004 0.31 0.7664176313118007 1
0.004 0.32 0.7992543013862886 1
0.004 0.33 0.8291522283262257 1
0.004 0.34 0.8560360963326528 1
0.004 0.35000000000000003 0.8799091963665032 1
0.004 0.36 0.9008449146675058 1
0.004 0.37 0.9189758652194852 1
0.004 0.38 0.9344815583817999 1
0.004 0.39 0.9475754843930727 1
0.004 0.4 0.9584924060556348 1
0.004 0.41000000000000003 0.9674765164712394 1
0.004 0.42 0.9747709453604646 1
0.004 0.43 0.9806089120215106 1
0.004 0.44 0.9852066434207353 1
0.004 0.45 0.9887580178681694 1
0.004 0.46 0.9914307693774296 1
0.004 0.47000000000000003 0.9933640015588036 1
0.004 0.48 0.9946667147247292 1
0.004 0.49 0.9954170440508584 1
0.004 0.5 0.9956619355727703 1
0.004 0.51 0.9954170440508584 1
0.004 0.52 0.9946667147247292 1
0.004 0.53 0.9933640015588036 1
0.004 0.54 0.9914307693774294 1
0.004 0.55 0.9887580178681694 1
0.004 0.56 0.9852066434207354 1
0.004 0.5700000000000001 0.9806089120215106 1
0.004 0.58 0.9747709453604648 1
0.004 0.59 0.9674765164712394 1
0.004 0.6 0.958492406055635 1
0.004 0.61 0.9475754843930727 1
0.004 0.62 0.9344815583818001 1
0.004 0.63 0.9189758652194853 1
0.004 0.64 0.9008449146675056 1
0.004 0.65 0.8799091963665034 1
0.004 0.66 0.8560360963326527 1
0.004 0.67 0.8291522283262256 1
0.004 0.68 0.7992543013862886 1
0.004 0.6900000000000001 0.7664176313118005 1
0.004 0.7000000000000001 0.7308014721373963 1
0.004 0.71 0.6926504964473401 1
0.004 0.72 0.6522919839388032 1
0.004 0.73 0.6101285695587098 1
0.004 0.74 0.5666267308638067 1
0.004 0.75 0.5223015280108555 1
0.004 0.76 0.4776984154326247 1
0.004 0.77 0.43337318975907607 1
0.004 0.78 0.38987129743041427 1
0.004 0.79 0.3477077802675864 1
0.004 0.8 0.30734908189841403 1
0.004 0.81 0.26919777841182774 1
0.004 0.8200000000000001 0.23358105028425127 1
0.004 0.8300000000000001 0.20074340585350176 1
0.004 0.84 0.17084383131885464 1
0.004 0.85 0.1439572118203649 1
0.004 0.86 0.12007957342468598 1
0.004 0.87 0.09913646160054859 1
0.004 0.88 0.08099361430452075 1
0.004 0.89 0.06546901380219239 1
0.004 0.9 0.05234540811343855 1
0.004 0.91 0.04138246980124088 1
0.004 0.92 0.032327890323871136 1
0.004 0.93 0.02492687296205826 1
0.004 0.9400000000000001 0.018929666798633754 1
0.004 0.9500000000000001 0.014096960882702755 1
0.004 0.96 0.010203117924703794 1
0.004 0.97 0.007037361797766871 1
0.004 0.98 0.004403138820972743 1
0.004 0.99 0.0021159496349986043 1
0.004 1.0 6.526453894825907e-18 1
0.006 0.0 0.0 1
0.006 0.01 0.005997460920561905 1
0.006 0.02 0.012193936733585172 1
0.006 0.03 0.01878757627135223 1
0.006 0.04 0.0259746618469762 1
0.006 0.05 0.03394835069325948 1
0.006 0.06 0.042897055434346534 1
0.006 0.07 0.053002390609039926 1
0.006 0.08 0.0644366495723831 1
0.006 0.09 0.07735981872498714 1
0.006 0.1 0.09191618142543057 1
0.006 0.11 0.10823060927012207 1
0.006 0.12 0.12640468062248253 1
0.006 0.13 0.14651280225869334 1
0.006 0.14 0.16859853686445833 1
0.006 0.15 0.19267135435356406 1
0.006 0.16 0.21870402668558872 1
0.006 0.17 0.24663087295202443 1
0.006 0.18 0.27634703386326886 1
0.006 0.19 0.3077089133515719 1
0.006 0.2 0.34053587182607814 1
0.006 0.21 0.3746131936806352 1
0.006 0.22 0.40969628477542797 1
0.006 0.23 0.4455159881460865 1
0.006 0.24 0.48178484271090427 1
0.006 0.25 0.5182040546718244 1
0.006 0.26 0.5544709085462762 1
0.006 0.27 0.5902863173852562 1
0.006 0.28 0.6253622016760876 1
0.006 0.29 0.6594283943624002 1
0.006 0.3 0.6922387946688519 1
0.006 0.31 0.7235765340524781 1
0.006 0.32 0.7532579705824168 1
0.006 0.33 0.7811353895230331 1
0.006 0.34 0.8070983535332364 1
0.006 0.35000000000000003 0.8310737112646114 1
0.006 0.36 0.8530243340758086 1
0.006 0.37 0.872946703507143 1
0.006 0.38 0.8908675143563534 1
0.006 0.39 0.9068394879622054 1
0.006 0.4 0.92093660701987 1
0.006 0.41000000000000003 0.933248987351133 1
0.006 0.42 0.9438775948831499 1
0.006 0.43 0.9529289997184176 1
0.006 0.44 0.9605103361393496 1
0.006 0.45 0.9667246104102781 1
0.006 0.46 0.9716664699705996 1
0.006 0.47000000000000003 0.975418520394422 1
0.006 0.48 0.9780482521596441 1
0.006 0.49 0.9796056190253105 1
0.006 0.5 0.9801212941701808 1
0.006 0.51 0.9796056190253105 1
0.006 0.52 0.9780482521596441 1
0.006 0.53 0.975418520394422 1
0.006 0.54 0.9716664699705992 1
0.006 0.55 0.9667246104102782 1
0.006 0.56 0.9605103361393496 1
0.006 0.5700000000000001 0.9529289997184177 1
0.006 0.58 0.9438775948831502 1
0.006 0.59 0.9332489873511332 1
0.006 0.6 0.9209366070198701 1
0.006 0.61 0.9068394879622054 1
0.006 0.62 0.8908675143563535 1
0.006 0.63 0.8729467035071431 1
0.006 0.64 0.8530243340758084 1
0.006 0.65 0.8310737112646116 1
0.006 0.66 0.8070983535332361 1
0.006 0.67 0.781135389523033 1
0.006 0.68 0.7532579705824167 1
0.006 0.6900000000000001 0.723576534052478 1
0.006 0.7000000000000001 0.6922387946688519 1
0.006 0.71 0.6594283943624006 1
0.006 0.72 0.6253622016760876 1
0.006 0.73 0.5902863173852562 1
0.006 0.74 0.5544709085462763 1
0.006 0.75 0.5182040546718245 1
0.006 0.76 0.4817848427109045 1
0.006 0.77 0.44551598814608656 1
0.006 0.78 0.4096962847754282 1
0.006 0.79 0.3746131936806352 1
0.006 0.8 0.34053587182607825 1
0.006 0.81 0.3077089133515717 1
0.006 0.8200000000000001 0.2763470338632687 1
0.006 0.8300000000000001 0.24663087295202424 1
0.006 0.84 0.21870402668558894 1
0.006 0.85 0.1926713543535642 1
0.006 0.86 0.16859853686445855 1
0.006 0.87 0.1465128022586934 1
0.006 0.88 0.12640468062248275 1
0.006 0.89 0.10823060927012212 1
0.006 0.9 0.09191618142543072 1
0.006 0.91 0.0773598187249869 1
0.006 0.92 0.06443664957238315 1
0.006 0.93 0.05300239060903967 1
0.006 0.9400000000000001 0.042897055434346736 1
0.006 0.9500000000000001 0.03394835069325968 1
0.006 0.96 0.025974661846976436 1
0.006 0.97 0.018787576271352156 1
0.006 0.98 0.012193936733585152 1
0.006 0.99 0.005997460920561834 1
0.006 1.0 2.3079495231712236e-17 1
0.008 0.0 0.0 1
0.008 0.01 0.009686589907181483 1
0.008 0.02 0.019538977499149478 1
0.008 0.03 0.029720905269530706 1
0.008 0.04 0.04039199583689506 1
0.008 0.05 0.05170567118940919 1
0.008 0.06 0.06380705488799063 1
0.008 0.07 0.0768308641358259 1
0.008 0.08 0.09089930816407817 1
0.008 0.09 0.10612001984215176 1
0.008 0.1 0.12258405795336956 1
0.008 0.11 0.14036402729962322 1
0.008 0.12 0.15951237184464992 1
0.008 0.13 0.1800599016837858 1
0.008 0.14 0.20201461707810664 1
0.008 0.15 0.22536089163246975 1
0.008 0.16 0.25005907166837965 1
0.008 0.17 0.2760455399262514 1
0.008 0.18 0.3032332791643512 1
0.008 0.19 0.33151295548807996 1
0.008 0.2 0.3607545230524954 1
0.008 0.21 0.3908093320272883 1
0.008 0.22 0.42151270142352015 1
0.008 0.23 0.4526868986509523 1
0.008 0.24 0.4841444495995461 1
0.008 0.25 0.5156916876439892 1
0.008 0.26 0.5471324381445944 1
0.008 0.27 0.5782717274560392 1
0.008 0.28 0.6089194026128965 1
0.008 0.29 0.6388935499268455 1
0.008 0.3 0.6680236076176617 1
0.008 0.31 0.6961530789545854 1
0.008 0.32 0.7231417676129771 1
0.008 0.33 0.7488674752634822 1
0.008 0.34 0.7732271218760313 1
0.008 0.35000000000000003 0.7961372708287687 1
0.008 0.36 0.8175340626385508 1
0.008 0.37 0.8373725819994675 1
0.008 0.38 0.8556257019574635 1
0.008 0.39 0.8722824657389584 1
0.008 0.4 0.8873460804444387 1
0.008 0.41000000000000003 0.9008316071631379 1
0.008 0.42 0.912763438904677 1
0.008 0.43 0.9231726611003752 1
0.008 0.44 0.9320943894773558 1
0.008 0.45 0.9395651771494407 1
0.008 0.46 0.9456205771787011 1
0.008 0.47000000000000003 0.95029293906172 1
0.008 0.48 0.9536095080132309 1
0.008 0.49 0.9555908849621372 1
0.008 0.5 0.9562498932025422 1
0.008 0.51 0.9555908849621372 1
0.008 0.52 0.9536095080132309 1
0.008 0.53 0.95029293906172 1
0.008 0.54 0.9456205771787011 1
0.008 0.55 0.9395651771494405 1
0.008 0.56 0.9320943894773558 1
0.008 0.5700000000000001 0.9231726611003752 1
0.008 0.58 0.9127634389046771 1
0.008 0.59 0.900831607163138 1
0.008 0.6 0.887346080444439 1
0.008 0.61 0.8722824657389584 1
0.008 0.62 0.8556257019574637 1
0.008 0.63 0.8373725819994676 1
0.008 0.64 0.8175340626385507 1
0.008 0.65 0.7961372708287688 1
0.008 0.66 0.773227121876031 1
0.008 0.67 0.7488674752634822 1
0.008 0.68 0.7231417676129769 1
0.008 0.6900000000000001 0.6961530789545853 1
0.008 0.7000000000000001 0.6680236076176617 1
0.008 0.71 0.638893549926846 1
0.008 0.72 0.6089194026128966 1
0.008 0.73 0.5782717274560393 1
0.008 0.74 0.5471324381445946 1
0.008 0.75 0.5156916876439893 1
0.008 0.76 0.4841444495995462 1
0.008 0.77 0.4526868986509523 1
0.008 0.78 0.42151270142352043 1
0.008 0.79 0.3908093320272883 1
0.008 0.8 0.36075452305249545 1
0.008 0.81 0.3315129554880798 1
0.008 0.8200000000000001 0.3032332791643511 1
0.008 0.8300000000000001 0.2760455399262513 1
0.008 0.84 0.2500590716683799 1
0.008 0.85 0.2253608916324699 1
0.008 0.86 0.2020146170781069 1
0.008 0.87 0.18005990168378586 1
0.008 0.88 0.15951237184465009 1
0.008 0.89 0.14036402729962322 1
0.008 0.9 0.12258405795336973 1
0.008 0.91 0.10612001984215154 1
0.008 0.92 0.09089930816407821 1
0.008 0.93 0.0768308641358257 1
0.008 0.9400000000000001 0.06380705488799078 1
0.008 0.9500000000000001 0.05170567118940939 1
0.008 0.96 0.04039199583689528 1
0.008 0.97 0.029720905269530664 1
0.008 0.98 0.01953897749914948 1
0.008 0.99 0.009686589907181423 1
0.008 1.0 3.7635623423933804e-17 1
