0.0 0.0 0.0 1
0.0 0.01 -0.00020455724251535623 1
0.0 0.02 0.00040906401166121653 1
0.0 0.03 -0.0006134698464890486 1
0.0 0.04 0.0008177243108602636 1
0.0 0.05 -0.0010217770058474267 1
0.0 0.06 0.0012255775821200042 1
0.0 0.07 -0.0014290757522834555 1
0.0 0.08 0.0016322213032336859 1
0.0 0.09 -0.001834964108417925 1
0.0 0.1 0.002037254140055737 1
0.0 0.11 -0.002239041481324654 1
0.0 0.12 0.00244027633839869 1
0.0 0.13 -0.002640909052398747 1
0.0 0.14 0.002840890111099649 1
0.0 0.15 -0.0030401701603783404 1
0.0 0.16 0.003238700015142412 1
0.0 0.17 -0.0034364306694516355 1
0.0 0.18 0.0036333133051068786 1
0.0 0.19 -0.003829299297106203 1
0.0 0.2 0.004024340212146558 1
0.0 0.21 -0.004218387789066168 1
0.0 0.22 0.004411393861631582 1
0.0 0.23 -0.0046033100300620815 1
0.0 0.24 0.004794085320293666 1
0.0 0.25 0.9950162833105324 1
0.0 0.26 1.00517203814699 1
0.0 0.27 0.9946408023967515 1
0.0 0.28 1.0055449140973212 1
0.0 0.29 0.9942706190111859 1
0.0 0.3 1.005912314647416 1
0.0 0.31 0.9939060915213253 1
0.0 0.32 1.0062738793499015 1
0.0 0.33 0.9935475786929457 1
0.0 0.34 1.0066292519248716 1
0.0 0.35000000000000003 0.993195434001402 1
0.0 0.36 1.006978081883942 1
0.0 0.37 0.9928500048159298 1
0.0 0.38 1.0073200250871097 1
0.0 0.39 0.992511631948319 1
0.0 0.4 1.0076547441434607 1
0.0 0.41000000000000003 0.9921806492799117 1
0.0 0.42 1.0079819087672484 1
0.0 0.43 0.9918573834168651 1
0.0 0.44 1.008301196114216 1
0.0 0.45 0.9915421533605975 1
0.0 0.46 1.0086122911054365 1
0.0 0.47000000000000003 0.9912352701891709 1
0.0 0.48 1.0089148867409738 1
0.0 0.49 0.9909370367482695 1
0.0 0.5 1.009208684404352 1
0.0 0.51 0.990647747351248 1
0.0 0.52 1.0094933941581063 1
0.0 0.53 0.9903676874881315 1
0.0 0.54 1.009768735030068 1
0.0 0.55 0.9900971335439297 1
0.0 0.56 1.0100344352905206 1
0.0 0.5700000000000001 0.9898363525262148 1
0.0 0.58 1.0102902327196532 1
0.0 0.59 0.989585601802679 1
0.0 0.6 1.0105358748648354 1
0.0 0.61 0.9893451288492221 1
0.0 0.62 1.010771119287162 1
0.0 0.63 0.9891151710092407 1
0.0 0.64 1.0109957337955293 1
0.0 0.65 0.9888959552666806 1
0.0 0.66 1.011209496665547 1
0.0 0.67 0.988687698037136 1
0.0 0.68 1.011412196835276 1
0.0 0.6900000000000001 0.9884906049908132 1
0.0 0.7000000000000001 1.0116036340526406 1
0.0 0.71 0.9883048709579577 1
0.0 0.72 1.011783618862153 1
0.0 0.73 0.9881306802032002 1
0.0 0.74 1.0119519715197627 1
0.0 0.75 0.9879682115782287 1
0.0 0.76 0.012108556435076263 1
0.0 0.77 -0.012182375822068346 1
0.0 0.78 0.012253184342842083 1
0.0 0.79 -0.012320968150199736 1
0.0 0.8 0.0123857113001896 1
0.0 0.81 -0.012447398108746122 1
0.0 0.8200000000000001 0.012506013495940771 1
0.0 0.8300000000000001 -0.012561543078831741 1
0.0 0.84 0.012613973206552576 1
0.0 0.85 -0.012663290977216189 1
0.0 0.86 0.012709484247715862 1
0.0 0.87 -0.012752541640260047 1
0.0 0.88 0.012792452547260146 1
0.0 0.89 -0.012829207135218224 1
0.0 0.9 0.012862796348043708 1
0.0 0.91 -0.012893211909841402 1
0.0 0.92 0.012920446327438825 1
0.0 0.93 -0.012944492892580633 1
0.0 0.9400000000000001 0.012965345683918762 1
0.0 0.9500000000000001 -0.012982999568744862 1
0.0 0.96 0.012997450204580208 1
0.0 0.97 -0.013008694040539618 1
0.0 0.98 0.013016728318596755 1
0.0 0.99 -0.013021551074621482 1
0.0 1.0 0.013023161139429109 1
0.002 0.0 0.0 1
0.002 0.01 7.261770571806722e-05 1
0.002 0.02 0.00017085395546284336 1
0.002 0.03 0.0003265401010733762 1
0.002 0.04 0.0005846222573961239 1
0.002 0.05 0.0010113559503276063 1
0.002 0.06 0.0017042084768508282 1
0.002 0.07 0.0028035651968364695 1
0.002 0.08 0.004505863520747164 1
0.002 0.09 0.007077151781891881 1
0.002 0.1 0.010865332252972263 1
0.002 0.11 0.016308600068680023 1
0.002 0.12 0.023936997212840816 1
0.002 0.13 0.034363774250404246 1
0.002 0.14 0.04826361042975948 1
0.002 0.15 0.06633584950361976 1
0.002 0.16 0.0892528036979859 1
0.002 0.17 0.11759571595964566 1
0.002 0.18 0.15178379404770562 1
0.002 0.19 0.19200430101312377 1
0.002 0.2 0.23815337931720684 1
0.002 0.21 0.2897975325293157 1
0.002 0.22 0.3461641440571209 1
0.002 0.23 0.4061660896972306 1
0.002 0.24 0.4684608295095826 1
0.002 0.25 0.5315391406880845 1
0.002 0.26 0.5938338805004173 1
0.002 0.27 0.6538358261404573 1
0.002 0.28 0.7102024376680377 1
0.002 0.29 0.7618465908794411 1
0.002 0.3 0.8079956691813684 1
0.002 0.31 0.8482161761403617 1
0.002 0.32 0.882404254209735 1
0.002 0.33 0.910747166418375 1
0.002 0.34 0.9336641204659895 1
0.002 0.35000000000000003 0.9517363591435894 1
0.002 0.36 0.9656361942791024 1
0.002 0.37 0.9760629686340985 1
0.002 0.38 0.9836913590526469 1
0.002 0.39 0.9891346104177021 1
0.002 0.4 0.9929227516324921 1
0.002 0.41000000000000003 0.9954939485002089 1
0.002 0.42 0.9971960392347423 1
0.002 0.43 0.998294935926301 1
0.002 0.44 0.9989867938295863 1
0.002 0.45 0.9994114293944661 1
0.002 0.46 0.9996651932791862 1
0.002 0.47000000000000003 0.9998122078563831 1
0.002 0.48 0.9998934538359577 1
0.002 0.49 0.9999335910153467 1
0.002 0.5 0.9999456228722716 1
0.002 0.51 0.9999335910153465 1
0.002 0.52 0.999893453835958 1
0.002 0.53 0.9998122078563833 1
0.002 0.54 0.9996651932791866 1
0.002 0.55 0.9994114293944668 1
0.002 0.56 0.9989867938295869 1
0.002 0.5700000000000001 0.9982949359263018 1
0.002 0.58 0.9971960392347426 1
0.002 0.59 0.9954939485002096 1
0.002 0.6 0.9929227516324926 1
0.002 0.61 0.9891346104177025 1
0.002 0.62 0.9836913590526478 1
0.002 0.63 0.9760629686340991 1
0.002 0.64 0.9656361942791029 1
0.002 0.65 0.95173635914359 1
0.002 0.66 0.9336641204659902 1
0.002 0.67 0.9107471664183755 1
0.002 0.68 0.882404254209735 1
0.002 0.6900000000000001 0.8482161761403617 1
0.002 0.7000000000000001 0.8079956691813694 1
0.002 0.71 0.7618465908794418 1
0.002 0.72 0.7102024376680386 1
0.002 0.73 0.6538358261404581 1
0.002 0.74 0.5938338805004189 1
0.002 0.75 0.5315391406880897 1
0.002 0.76 0.46846082950959955 1
0.002 0.77 0.40616608969728624 1
0.002 0.78 0.34616414405730517 1
0.002 0.79 0.28979753252991103 1
0.002 0.8 0.23815337931908395 1
0.002 0.81 0.1920043010189004 1
0.002 0.8200000000000001 0.15178379406505094 1
0.002 0.8300000000000001 0.11759571601046555 1
0.002 0.84 0.08925280384327705 1
0.002 0.85 0.06633584990893955 1
0.002 0.86 0.04826361153312978 1
0.002 0.87 0.03436377718143408 1
0.002 0.88 0.023937004810962184 1
0.002 0.89 0.01630861929038453 1
0.002 0.9 0.010865379708933903 1
0.002 0.91 0.007077266126951392 1
0.002 0.92 0.0045061324186325205 1
0.002 0.93 0.0028041823848789812 1
0.002 0.9400000000000001 0.0017055911699949877 1
0.002 0.9500000000000001 0.0010143796020393179 1
0.002 0.96 0.0005910766647004194 1
0.002 0.97 0.0003399901021468209 1
0.002 0.98 0.00019821635547047557 1
0.002 0.99 0.00012696508573069955 1
0.002 1.0 0.00010539609527328764 1
0.004 0.0 0.0 1
0.004 0.01 0.0021159495710913728 1
0.004 0.02 0.004403138688031874 1
0.004 0.03 0.007037361585406251 1
0.004 0.04 0.010203117617021217 1
0.004 0.05 0.014096960457928248 1
0.004 0.06 0.018929666228711808 1
0.004 0.07 0.024926872212215023 1
0.004 0.08 0.0323278893522155 1
0.004 0.09 0.041382468558466855 1
0.004 0.1 0.05234540654268292 1
0.004 0.11 0.06546901183912067 1
0.004 0.12 0.08099361187769162 1
0.004 0.13 0.09913645863210706 1
0.004 0.14 0.12007956983141489 1
0.004 0.15 0.143957207515107 1
0.004 0.16 0.17084382621228672 1
0.004 0.17 0.20074339985622555 1
0.004 0.18 0.2335810433091255 1
0.004 0.19 0.2691977703764575 1
0.004 0.2 0.30734907272767653 1
0.004 0.21 0.3477077698960746 1
0.004 0.22 0.3898712858046599 1
0.004 0.23 0.43337317683943666 1
0.004 0.24 0.47769840119471463 1
0.004 0.25 0.5223015124464455 1
0.004 0.26 0.5666267139811275 1
0.004 0.27 0.6101285513821469 1
0.004 0.28 0.6522919645080009 1
0.004 0.29 0.692650475815769 1
0.004 0.3 0.7308014503704691 1
0.004 0.31 0.7664176084846464 1
0.004 0.32 0.7992542775813148 1
0.004 0.33 0.8291522036305947 1
0.004 0.34 0.8560360708357972 1
0.004 0.35000000000000003 0.8799091701578017 1
0.004 0.36 0.9008448878342028 1
0.004 0.37 0.9189758378449363 1
0.004 0.38 0.9344815305440755 1
0.004 0.39 0.9475754561639436 1
0.004 0.4 0.9584923774999355 1
0.004 0.41000000000000003 0.9674764876465781 1
0.004 0.42 0.9747709163172493 1
0.004 0.43 0.980608882803232 1
0.004 0.44 0.9852066140644677 1
0.004 0.45 0.988757988405228 1
0.004 0.46 0.9914307398341419 1
0.004 0.47000000000000003 0.9933639719573591 1
0.004 0.48 0.9946666850840727 1
0.004 0.49 0.9954170143876071 1
0.004 0.5 0.9956619059021429 1
0.004 0.51 0.9954170143876067 1
0.004 0.52 0.9946666850840731 1
0.004 0.53 0.9933639719573604 1
0.004 0.54 0.9914307398341449 1
0.004 0.55 0.9887579884052361 1
0.004 0.56 0.9852066140644867 1
0.004 0.5700000000000001 0.9806088828032758 1
0.004 0.58 0.974770916317351 1
0.004 0.59 0.9674764876468143 1
0.004 0.6 0.958492377500475 1
0.004 0.61 0.9475754561651633 1
0.004 0.62 0.9344815305467987 1
0.004 0.63 0.9189758378509437 1
0.004 0.64 0.9008448878472951 1
0.004 0.65 0.8799091701859865 1
0.004 0.66 0.8560360708957349 1
0.004 0.67 0.8291522037565032 1
0.004 0.68 0.7992542778425878 1
0.004 0.6900000000000001 0.7664176090202177 1
0.004 0.7000000000000001 0.7308014514549684 1
0.004 0.71 0.6926504779851408 1
0.004 0.72 0.6522919687948223 1
0.004 0.73 0.6101285597504577 1
0.004 0.74 0.5666267301189869 1
0.004 0.75 0.5223015431907387 1
0.004 0.76 0.4776984590573964 1
0.004 0.77 0.4333732844248411 1
0.004 0.78 0.3898714834262824 1
0.004 0.79 0.34770812852697575 1
0.004 0.8 0.3073497157103119 1
0.004 0.81 0.2691989093025661 1
0.004 0.8200000000000001 0.23358303647502243 1
0.004 0.8300000000000001 0.20074684613292462 1
0.004 0.84 0.17084971360818116 1
0.004 0.85 0.14396714486937168 1
0.004 0.86 0.12009614283538204 1
0.004 0.87 0.09916376875251223 1
0.004 0.88 0.08103807986099124 1
0.004 0.89 0.06554055741456717 1
0.004 0.9 0.05245915364951849 1
0.004 0.91 0.04156117142971061 1
0.004 0.92 0.032605328899852286 1
0.004 0.93 0.025352533063745363 1
0.004 0.9400000000000001 0.01957506958653358 1
0.004 0.9500000000000001 0.015064091799107183 1
0.004 0.96 0.011635443830382317 1
0.004 0.97 0.009133969547047031 1
0.004 0.98 0.007436534048213308 1
0.004 0.99 0.0064540161417347836 1
0.004 1.0 0.006132521013948438 1
0.006 0.0 0.0 1
0.006 0.01 0.0059974607408344975 1
0.006 0.02 0.01219393636820345 1
0.006 0.03 0.01878757570848888 1
0.006 0.04 0.025974661068960368 1
0.006 0.05 0.033948349676671846 1
0.006 0.06 0.04289705415016275 1
0.006 0.07 0.053002389022835605 1
0.006 0.08 0.06443664764461421 1
0.006 0.09 0.07735981641135829 1
0.006 0.1 0.09191617867736522 1
0.006 0.11 0.10823060603534146 1
0.006 0.12 0.12640467684570014 1
0.006 0.13 0.14651279788242327 1
0.006 0.14 0.16859853182993312 1
0.006 0.15 0.19267134860174692 1
0.006 0.16 0.2187040201582631 1
0.006 0.17 0.24663086559293523 1
0.006 0.18 0.2763470256192835 1
0.006 0.19 0.3077089041738292 1
0.006 0.2 0.34053586167108574 1
0.006 0.21 0.3746131825112785 1
0.006 0.22 0.4096962725618554 1
0.006 0.23 0.4455159748664364 1
0.006 0.24 0.48178482835184794 1
0.006 0.25 0.5182040392289005 1
0.006 0.26 0.5544708920240068 1
0.006 0.27 0.5902862997970404 1
0.006 0.28 0.625362183043876 1
0.006 0.29 0.6594283747161632 1
0.006 0.3 0.6922387740458685 1
0.006 0.31 0.7235765124964714 1
0.006 0.32 0.7532579481425695 1
0.006 0.33 0.7811353662529226 1
0.006 0.34 0.8070983294897317 1
0.006 0.35000000000000003 0.8310736865067684 1
0.006 0.36 0.8530243086638009 1
0.006 0.37 0.8729466775012676 1
0.006 0.38 0.890867487816132 1
0.006 0.39 0.906839460945614 1
0.006 0.4 0.920936579582706 1
0.006 0.41000000000000003 0.933248959546539 1
0.006 0.42 0.9438775667612904 1
0.006 0.43 0.9529289713263188 1
0.006 0.44 0.9605103075208926 1
0.006 0.45 0.966724581606339 1
0.006 0.46 0.9716664410193399 1
0.006 0.47000000000000003 0.9754184913317182 1
0.006 0.48 0.9780482230196785 1
0.006 0.49 0.979605589841351 1
0.006 0.5 0.9801212649756275 1
0.006 0.51 0.9796055898551554 1
0.006 0.52 0.9780482230526206 1
0.006 0.53 0.9754184913963305 1
0.006 0.54 0.9716664411396642 1
0.006 0.55 0.9667245818260046 1
0.006 0.56 0.9605103079173656 1
0.006 0.5700000000000001 0.9529289720354566 1
0.006 0.58 0.9438775680190497 1
0.006 0.59 0.9332489617591062 1
0.006 0.6 0.9209365834432867 1
0.006 0.61 0.9068394676271196 1
0.006 0.62 0.890867499286199 1
0.006 0.63 0.8729466970325378 1
0.006 0.64 0.8530243416529232 1
0.006 0.65 0.8310737417767802 1
0.006 0.66 0.8070984213419754 1
0.006 0.67 0.7811355176698374 1
0.006 0.68 0.7532581957402398 1
0.006 0.6900000000000001 0.7235769141110844 1
0.006 0.7000000000000001 0.6922394202454085 1
0.006 0.71 0.6594294061028271 1
0.006 0.72 0.6253638160123721 1
0.006 0.73 0.5902888645136948 1
0.006 0.74 0.5544748878843925 1
0.006 0.75 0.5182102150508763 1
0.006 0.76 0.4817942972009643 1
0.006 0.77 0.44553037684665947 1
0.006 0.78 0.40971800330857594 1
0.006 0.79 0.37464571067790486 1
0.006 0.8 0.3405841655863143 1
0.006 0.81 0.30778006622661175 1
0.006 0.8200000000000001 0.27645103292314993 1
0.006 0.8300000000000001 0.24678167713811183 1
0.006 0.84 0.21892097391509896 1
0.006 0.85 0.1929809966726396 1
0.006 0.86 0.16903700733483185 1
0.006 0.87 0.14712883312611508 1
0.006 0.88 0.12726340747419093 1
0.006 0.89 0.10941830902898872 1
0.006 0.9 0.09354610148346075 1
0.006 0.91 0.07957925828178837 1
0.006 0.92 0.06743545001656287 1
0.006 0.93 0.05702297706678797 1
0.006 0.9400000000000001 0.048246143863880535 1
0.006 0.9500000000000001 0.04101039173197578 1
0.006 0.96 0.03522703203095053 1
0.006 0.97 0.03081744795723197 1
0.006 0.98 0.02771665979799259 1
0.006 0.99 0.025876173175053693 1
0.006 1.0 0.025266051958267196 1
0.008 0.0 0.0 1
0.008 0.01 0.009686589617673552 1
0.008 0.02 0.01953897691520268 1
0.008 0.03 0.029720904381344428 1
0.008 0.04 0.04039199462992182 1
0.008 0.05 0.0517056696445398 1
0.008 0.06 0.06380705298180121 1
0.008 0.07 0.07683086184088812 1
0.008 0.08 0.09089930544933197 1
0.008 0.09 0.10612001667333935 1
0.008 0.1 0.12258405429352874 1
0.008 0.11 0.14036402310963642 1
0.008 0.12 0.15951236708384403 1
0.008 0.13 0.18005989631057548 1
0.008 0.14 0.20201461105067206 1
0.008 0.15 0.22536088490945913 1
0.008 0.16 0.25005906420962215 1
0.008 0.17 0.2760455316934701 1
0.008 0.18 0.30323327012185625 1
0.008 0.19 0.3315129456034327 1
0.008 0.2 0.36075451229712174 1
0.008 0.21 0.3908093203770322 1
0.008 0.22 0.42151268885911797 1
0.008 0.23 0.45268688515842076 1
0.008 0.24 0.4841444351704722 1
0.008 0.25 0.5156916722757136 1
0.008 0.26 0.5471324218402854 1
0.008 0.27 0.5782717102246597 1
0.008 0.28 0.6089193844690622 1
0.008 0.29 0.6388935308905804 1
0.008 0.3 0.6680235877140678 1
0.008 0.31 0.6961530582134303 1
0.008 0.32 0.7231417460682191 1
0.008 0.33 0.7488674529527565 1
0.008 0.34 0.7732270988401099 1
0.008 0.35000000000000003 0.7961372471110297 1
0.008 0.36 0.8175340382844811 1
0.008 0.37 0.837372557056247 1
0.008 0.38 0.8556256764736793 1
0.008 0.39 0.8722824397645305 1
0.008 0.4 0.8873460540308735 1
0.008 0.41000000000000003 0.9008315803642871 1
0.008 0.42 0.9127634117782791 1
0.008 0.43 0.9231726337108171 1
0.008 0.44 0.9320943619003378 1
0.008 0.45 0.9395651494796118 1
0.008 0.46 0.9456205495419334 1
0.008 0.47000000000000003 0.9502929116345938 1
0.008 0.48 0.9536094810536832 1
0.008 0.49 0.9555908588573049 1
0.008 0.5 0.9562498685429133 1
0.008 0.51 0.9555908626557144 1
0.008 0.52 0.953609489460119 1
0.008 0.53 0.9502929264193404 1
0.008 0.54 0.9456205737619641 1
0.008 0.55 0.93956518803045 1
0.008 0.56 0.9320944223779901 1
0.008 0.5700000000000001 0.9231727277116093 1
0.008 0.58 0.912763556823121 1
0.008 0.59 0.9008318027137004 1
0.008 0.6 0.8873463927656723 1
0.008 0.61 0.8722829526541742 1
0.008 0.62 0.8556264483522913 1
0.008 0.63 0.8373737116905583 1
0.008 0.64 0.8175357550675919 1
0.008 0.65 0.7961397843740885 1
0.008 0.66 0.7732308261686781 1
0.008 0.67 0.7488728956585619 1
0.008 0.68 0.7231496459381282 1
0.008 0.6900000000000001 0.6961644558785208 1
0.008 0.7000000000000001 0.6680399334995845 1
0.008 0.71 0.6389168328721126 1
0.008 0.72 0.6089524047219926 1
0.008 0.73 0.5783182229610884 1
0.008 0.74 0.5471975503219875 1
0.008 0.75 0.5157823251031962 1
0.008 0.76 0.48426986678814976 1
0.008 0.77 0.45285941016906517 1
0.008 0.78 0.421748584956048 1
0.008 0.79 0.3911299602831625 1
0.008 0.8 0.36118777089311027 1
0.008 0.81 0.3320949342136242 1
0.008 0.8200000000000001 0.3040104554124529 1
0.008 0.8300000000000001 0.27707730144685505 1
0.008 0.84 0.2514208059123401 1
0.008 0.85 0.22714764508748572 1
0.008 0.86 0.2043454029898791 1
0.008 0.87 0.18308272054224284 1
0.008 0.88 0.1634100020941846 1
0.008 0.89 0.14536063245366726 1
0.008 0.9 0.1289526400135075 1
0.008 0.91 0.114190727102448 1
0.008 0.92 0.10106857775217185 1
0.008 0.93 0.0895713458679202 1
0.008 0.9400000000000001 0.07967822336109157 1
0.008 0.9500000000000001 0.07136498803181976 1
0.008 0.96 0.0646064346355728 1
0.008 0.97 0.05937859929332364 1
0.008 0.98 0.05566069681092005 1
0.008 0.99 0.053436702128710885 1
0.008 1.0 0.05269652058768899 1
